lnc	DBR	gname	RBR	RBR_DBR_ID	RBR_DBR_avg_len	RBR_DBR_TFO_count	RBR_DBR_start	RBR_DBR_end	RBR_DBR_score	RBR_DBR_error_rate	RBR_DBR_gc_error	RBR_DBR_RBRspan	RBR_DBR_DBRspan	RBR_DBR_TFO_avg_overlap	RBR_DBR_TFO_adj1	RBR_DBR_TFO_adj2
lnc_inter_chr10_8711	1	0610010F05Rik	3	lnc_inter_chr10_8711_DBR1_0610010F05Rik_RBR3	22	1	23634407	23634429	18	0.18	0.18	22	22	1	1	1
lnc_inter_chr10_8711	1	1110004F10Rik	1	lnc_inter_chr10_8711_DBR1_1110004F10Rik_RBR1	20.333333333333332	3	116092758	116092782	16.333333333333332	0.19666666666666668	0.066	24	29	2.5416666666666665	1.180327868852459	3.540983606557377
lnc_inter_chr10_8711	1	1110004F10Rik	2	lnc_inter_chr10_8711_DBR1_1110004F10Rik_RBR2	20	1	116092825	116092845	16	0.2	0.2	20	20	1	1	1
lnc_inter_chr10_8711	1	1600014C10Rik	1	lnc_inter_chr10_8711_DBR1_1600014C10Rik_RBR1	20.5	2	38182921	38182942	16.5	0.195	0.195	21	21	1.9523809523809523	1.024390243902439	2.048780487804878
lnc_inter_chr10_8711	1	2310030G06Rik	1	lnc_inter_chr10_8711_DBR1_2310030G06Rik_RBR1	20	1	50747436	50747456	17	0.15	0.2	20	20	1	1	1
lnc_inter_chr10_8711	1	2510039O18Rik	3	lnc_inter_chr10_8711_DBR1_2510039O18Rik_RBR3	20	1	147940690	147940710	16	0.2	0.2	20	20	1	1	1
lnc_inter_chr10_8711	1	2610507B11Rik	1	lnc_inter_chr10_8711_DBR1_2610507B11Rik_RBR1	20	2	78261016	78261038	16	0.2	0.05	22	20	1.8181818181818181	1.1	2.2
lnc_inter_chr10_8711	1	2900026A02Rik	1	lnc_inter_chr10_8711_DBR1_2900026A02Rik_RBR1	20.333333333333332	3	113221567	113221597	16.333333333333332	0.19666666666666668	0.11333333333333334	30	23	2.033333333333333	1.4754098360655739	4.426229508196721
lnc_inter_chr10_8711	1	9130401M01Rik	2	lnc_inter_chr10_8711_DBR1_9130401M01Rik_RBR2	20	1	58035173	58035193	16	0.2	0.05	20	20	1	1	1
lnc_inter_chr10_8711	1	A430005L14Rik	2	lnc_inter_chr10_8711_DBR1_A430005L14Rik_RBR2	22.857142857142858	7	153956519	153956545	18.857142857142858	0.1742857142857143	0.41285714285714287	26	30	6.153846153846154	1.1375	7.9624999999999995
lnc_inter_chr10_8711	1	AI987944	2	lnc_inter_chr10_8711_DBR1_AI987944_RBR2	21	1	41394212	41394233	17	0.19	0.43	21	21	1	1	1
lnc_inter_chr10_8711	1	Aaas	1	lnc_inter_chr10_8711_DBR1_Aaas_RBR1	20	6	102351549	102351569	16	0.2	0	20	29	6	1	6
lnc_inter_chr10_8711	1	Aar2	2	lnc_inter_chr10_8711_DBR1_Aar2_RBR2	21	1	156547018	156547039	17	0.19	0.19	21	21	1	1	1
lnc_inter_chr10_8711	1	Aarsd1	1	lnc_inter_chr10_8711_DBR1_Aarsd1_RBR1	20	2	101418085	101418106	16	0.2	0	21	20	1.9047619047619047	1.05	2.1
lnc_inter_chr10_8711	1	Abca3	1	lnc_inter_chr10_8711_DBR1_Abca3_RBR1	20	3	24351550	24351570	16	0.2	0.45	20	24	3	1	3
lnc_inter_chr10_8711	1	Abca8a	2	lnc_inter_chr10_8711_DBR1_Abca8a_RBR2	21	1	110096495	110096516	17	0.19	0.19	21	21	1	1	1
lnc_inter_chr10_8711	1	Abcb7	3	lnc_inter_chr10_8711_DBR1_Abcb7_RBR3	27.015625	64	104414685	104414753	22.640625	0.16240625	0.40609375000000003	68	51	25.426470588235293	2.517061885482938	161.09196067090804
lnc_inter_chr10_8711	1	Abcd2	3	lnc_inter_chr10_8711_DBR1_Abcd2_RBR3	25	1	91192694	91192719	20	0.2	0.08	25	25	1	1	1
lnc_inter_chr10_8711	1	Abcg2	1	lnc_inter_chr10_8711_DBR1_Abcg2_RBR1	20	1	58584630	58584650	16	0.2	0.2	20	20	1	1	1
lnc_inter_chr10_8711	1	Abhd14a	1	lnc_inter_chr10_8711_DBR1_Abhd14a_RBR1	21	1	106448635	106448656	17	0.19	0.48	21	21	1	1	1
lnc_inter_chr10_8711	1	Acbd3	1	lnc_inter_chr10_8711_DBR1_Acbd3_RBR1	22.5	2	180725277	180725303	18	0.2	0.08499999999999999	26	25	1.7307692307692308	1.1555555555555554	2.311111111111111
lnc_inter_chr10_8711	1	Acbd4	1	lnc_inter_chr10_8711_DBR1_Acbd4_RBR1	20	2	103100824	103100844	16	0.2	0	20	20	2	1	2
lnc_inter_chr10_8711	1	Acp6	1	lnc_inter_chr10_8711_DBR1_Acp6_RBR1	20	1	97157823	97157843	16	0.2	0.1	20	20	1	1	1
lnc_inter_chr10_8711	1	Actb	1	lnc_inter_chr10_8711_DBR1_Actb_RBR1	21	1	142906896	142906917	17	0.19	0.14	21	21	1	1	1
lnc_inter_chr10_8711	1	Actn1	1	lnc_inter_chr10_8711_DBR1_Actn1_RBR1	20	2	80260814	80260834	16	0.2	0.15	20	25	2	1	2
lnc_inter_chr10_8711	1	Actn4	1	lnc_inter_chr10_8711_DBR1_Actn4_RBR1	20.5	2	28963095	28963116	16.5	0.195	0.14500000000000002	21	21	1.9523809523809523	1.024390243902439	2.048780487804878
lnc_inter_chr10_8711	1	Actr10	1	lnc_inter_chr10_8711_DBR1_Actr10_RBR1	20.22222222222222	9	70936908	70936930	16.444444444444443	0.18666666666666668	0.099	22	40	8.272727272727273	1.087912087912088	9.791208791208792
lnc_inter_chr10_8711	1	Actr1a	1	lnc_inter_chr10_8711_DBR1_Actr1a_RBR1	20	2	46396299	46396320	16	0.2	0.1	21	20	1.9047619047619047	1.05	2.1
lnc_inter_chr10_8711	1	Actr2	1	lnc_inter_chr10_8711_DBR1_Actr2_RBR1	21	1	20112964	20112985	17	0.19	0.48	21	21	1	1	1
lnc_inter_chr10_8711	1	Actr5	1	lnc_inter_chr10_8711_DBR1_Actr5_RBR1	20	2	158624245	158624266	16	0.2	0.05	21	20	1.9047619047619047	1.05	2.1
lnc_inter_chr10_8711	1	Actr5	2	lnc_inter_chr10_8711_DBR1_Actr5_RBR2	20	2	158624413	158624445	16.5	0.175	0.05	32	21	1.25	1.6	3.2
lnc_inter_chr10_8711	1	Actr5	3	lnc_inter_chr10_8711_DBR1_Actr5_RBR3	21	2	158624655	158624679	17	0.19	0.12000000000000001	24	23	1.75	1.1428571428571428	2.2857142857142856
lnc_inter_chr10_8711	1	Actr8	1	lnc_inter_chr10_8711_DBR1_Actr8_RBR1	20	1	29978260	29978280	16	0.2	0.05	20	20	1	1	1
lnc_inter_chr10_8711	1	Acy1	1	lnc_inter_chr10_8711_DBR1_Acy1_RBR1	20	1	106438603	106438623	16	0.2	0.4	20	20	1	1	1
lnc_inter_chr10_8711	1	Acyp1	1	lnc_inter_chr10_8711_DBR1_Acyp1_RBR1	20	1	85288675	85288695	16	0.2	0.45	20	20	1	1	1
lnc_inter_chr10_8711	1	Adamts6	3	lnc_inter_chr10_8711_DBR1_Adamts6_RBR3	20	2	104287415	104287440	16	0.2	0.15	25	20	1.6	1.25	2.5
lnc_inter_chr10_8711	1	Adh5	1	lnc_inter_chr10_8711_DBR1_Adh5_RBR1	23.375	8	138436887	138436916	19	0.18875	0.00425	29	31	6.448275862068965	1.2406417112299466	9.925133689839573
lnc_inter_chr10_8711	1	Adh5	2	lnc_inter_chr10_8711_DBR1_Adh5_RBR2	21.571428571428573	14	138436952	138436991	17.357142857142858	0.19571428571428573	0	39	30	7.743589743589744	1.8079470198675496	25.311258278145694
lnc_inter_chr10_8711	1	Ado	1	lnc_inter_chr10_8711_DBR1_Ado_RBR1	20.6	5	67549559	67549580	16.8	0.184	0.10600000000000001	21	39	4.904761904761905	1.0194174757281553	5.097087378640777
lnc_inter_chr10_8711	1	Adss	1	lnc_inter_chr10_8711_DBR1_Adss_RBR1	20	1	177797231	177797251	16	0.2	0.25	20	20	1	1	1
lnc_inter_chr10_8711	1	Aebp2	2	lnc_inter_chr10_8711_DBR1_Aebp2_RBR2	21	1	140622029	140622050	18	0.14	0.14	21	21	1	1	1
lnc_inter_chr10_8711	1	Aen	3	lnc_inter_chr10_8711_DBR1_Aen_RBR3	20	2	78895456	78895477	16.5	0.175	0.1	21	22	1.9047619047619047	1.05	2.1
lnc_inter_chr10_8711	1	Afg3l1	1	lnc_inter_chr10_8711_DBR1_Afg3l1_RBR1	20	2	123476905	123476930	16	0.2	0.5	25	25	1.6	1.25	2.5
lnc_inter_chr10_8711	1	Afg3l1	2	lnc_inter_chr10_8711_DBR1_Afg3l1_RBR2	20	1	123476952	123476972	16	0.2	0.45	20	20	1	1	1
lnc_inter_chr10_8711	1	Afg3l2	1	lnc_inter_chr10_8711_DBR1_Afg3l2_RBR1	20	2	67449654	67449674	17	0.15	0	20	20	2	1	2
lnc_inter_chr10_8711	1	Aggf1	1	lnc_inter_chr10_8711_DBR1_Aggf1_RBR1	20	1	95375850	95375870	16	0.2	0.05	20	20	1	1	1
lnc_inter_chr10_8711	1	Ago1	1	lnc_inter_chr10_8711_DBR1_Ago1_RBR1	20.866666666666667	15	126469324	126469345	17	0.18466666666666667	0.016133333333333333	21	37	14.904761904761905	1.0063897763578276	15.095846645367413
lnc_inter_chr10_8711	1	Agpat2	1	lnc_inter_chr10_8711_DBR1_Agpat2_RBR1	20	1	26605225	26605245	16	0.2	0.05	20	20	1	1	1
lnc_inter_chr10_8711	1	Agrn	2	lnc_inter_chr10_8711_DBR1_Agrn_RBR2	20	1	156198461	156198481	16	0.2	0.1	20	20	1	1	1
lnc_inter_chr10_8711	1	Agtr1a	1	lnc_inter_chr10_8711_DBR1_Agtr1a_RBR1	20	1	30335792	30335812	16	0.2	0.25	20	20	1	1	1
lnc_inter_chr10_8711	1	Ahcyl2	1	lnc_inter_chr10_8711_DBR1_Ahcyl2_RBR1	20	1	29767612	29767632	16	0.2	0.05	20	20	1	1	1
lnc_inter_chr10_8711	1	Ahsa1	1	lnc_inter_chr10_8711_DBR1_Ahsa1_RBR1	20	2	87265738	87265764	16	0.2	0	26	20	1.5384615384615385	1.3	2.6
lnc_inter_chr10_8711	1	Ahsa1	2	lnc_inter_chr10_8711_DBR1_Ahsa1_RBR2	22	1	87266069	87266091	18	0.18	0.23	22	22	1	1	1
lnc_inter_chr10_8711	1	Aimp1	1	lnc_inter_chr10_8711_DBR1_Aimp1_RBR1	20	1	132684624	132684644	16	0.2	0.35	20	20	1	1	1
lnc_inter_chr10_8711	1	Akap10	1	lnc_inter_chr10_8711_DBR1_Akap10_RBR1	20	1	61930577	61930597	16	0.2	0.2	20	20	1	1	1
lnc_inter_chr10_8711	1	Akap9	1	lnc_inter_chr10_8711_DBR1_Akap9_RBR1	20	1	3927329	3927349	16	0.2	0.45	20	20	1	1	1
lnc_inter_chr10_8711	1	Akirin2	1	lnc_inter_chr10_8711_DBR1_Akirin2_RBR1	20	1	34550371	34550391	16	0.2	0.05	20	20	1	1	1
lnc_inter_chr10_8711	1	Alg6	1	lnc_inter_chr10_8711_DBR1_Alg6_RBR1	20	15	99715046	99715070	17	0.15	0	24	20	12.5	1.2	18
lnc_inter_chr10_8711	1	Alyref	1	lnc_inter_chr10_8711_DBR1_Alyref_RBR1	20	1	120598918	120598938	16	0.2	0.05	20	20	1	1	1
lnc_inter_chr10_8711	1	Alyref	2	lnc_inter_chr10_8711_DBR1_Alyref_RBR2	20	1	120599098	120599118	16	0.2	0.15	20	20	1	1	1
lnc_inter_chr10_8711	1	Amigo2	1	lnc_inter_chr10_8711_DBR1_Amigo2_RBR1	20	3	97247925	97247948	16	0.2	0	23	20	2.608695652173913	1.15	3.4499999999999997
lnc_inter_chr10_8711	1	Anapc1	1	lnc_inter_chr10_8711_DBR1_Anapc1_RBR1	20	1	128687750	128687770	16	0.2	0.05	20	20	1	1	1
lnc_inter_chr10_8711	1	Anapc15	3	lnc_inter_chr10_8711_DBR1_Anapc15_RBR3	20	1	101881304	101881324	16	0.2	0.1	20	20	1	1	1
lnc_inter_chr10_8711	1	Angpt1	1	lnc_inter_chr10_8711_DBR1_Angpt1_RBR1	20	2	42677313	42677333	16	0.2	0.15	20	21	2	1	2
lnc_inter_chr10_8711	1	Ank2	1	lnc_inter_chr10_8711_DBR1_Ank2_RBR1	20	6	127499998	127500018	16	0.2	0	20	29	6	1	6
lnc_inter_chr10_8711	1	Ankib1	2	lnc_inter_chr10_8711_DBR1_Ankib1_RBR2	20	1	3803837	3803857	16	0.2	0.45	20	20	1	1	1
lnc_inter_chr10_8711	1	Ankrd27	1	lnc_inter_chr10_8711_DBR1_Ankrd27_RBR1	20	1	35585774	35585794	16	0.2	0.15	20	20	1	1	1
lnc_inter_chr10_8711	1	Ankrd28	1	lnc_inter_chr10_8711_DBR1_Ankrd28_RBR1	23.875	8	31830527	31830556	19.625	0.17625000000000002	0.43374999999999997	29	30	6.586206896551724	1.2146596858638743	9.717277486910994
lnc_inter_chr10_8711	1	Ankrd46	1	lnc_inter_chr10_8711_DBR1_Ankrd46_RBR1	26.076923076923077	26	36497203	36497237	22.26923076923077	0.14676923076923076	0.37615384615384617	34	53	19.941176470588236	1.303834808259587	33.89970501474926
lnc_inter_chr10_8711	1	Ankrd54	1	lnc_inter_chr10_8711_DBR1_Ankrd54_RBR1	20	42	79063290	79063323	17	0.15	0	33	20	25.454545454545453	1.65	69.3
lnc_inter_chr10_8711	1	Ankrd55	1	lnc_inter_chr10_8711_DBR1_Ankrd55_RBR1	21	2	112287641	112287664	17	0.19	0.14	23	23	1.826086956521739	1.0952380952380953	2.1904761904761907
lnc_inter_chr10_8711	1	Ano10	1	lnc_inter_chr10_8711_DBR1_Ano10_RBR1	20	1	122294822	122294842	16	0.2	0.35	20	20	1	1	1
lnc_inter_chr10_8711	1	Antxr2	2	lnc_inter_chr10_8711_DBR1_Antxr2_RBR2	20	1	98031927	98031947	16	0.2	0.05	20	20	1	1	1
lnc_inter_chr10_8711	1	Anxa5	1	lnc_inter_chr10_8711_DBR1_Anxa5_RBR1	20	1	36476605	36476625	17	0.15	0	20	20	1	1	1
lnc_inter_chr10_8711	1	Anxa7	1	lnc_inter_chr10_8711_DBR1_Anxa7_RBR1	20	1	20480408	20480428	16	0.2	0.05	20	20	1	1	1
lnc_inter_chr10_8711	1	Aox3	3	lnc_inter_chr10_8711_DBR1_Aox3_RBR3	20	1	58112622	58112642	16	0.2	0.2	20	20	1	1	1
lnc_inter_chr10_8711	1	Ap1g1	1	lnc_inter_chr10_8711_DBR1_Ap1g1_RBR1	20.08823529411765	34	109778250	109778282	17.029411764705884	0.15205882352941175	0.002735294117647059	32	22	21.34375	1.5929721815519764	54.161054172767194
lnc_inter_chr10_8711	1	Ap2m1	2	lnc_inter_chr10_8711_DBR1_Ap2m1_RBR2	20	1	20535064	20535084	16	0.2	0.05	20	20	1	1	1
lnc_inter_chr10_8711	1	Apip	1	lnc_inter_chr10_8711_DBR1_Apip_RBR1	20	2	103073255	103073277	16	0.2	0.475	22	22	1.8181818181818181	1.1	2.2
lnc_inter_chr10_8711	1	Apoh	1	lnc_inter_chr10_8711_DBR1_Apoh_RBR1	22.714285714285715	7	108395002	108395028	18.714285714285715	0.1757142857142857	0.47285714285714286	26	30	6.115384615384615	1.1446540880503144	8.0125786163522
lnc_inter_chr10_8711	1	Aqr	1	lnc_inter_chr10_8711_DBR1_Aqr_RBR1	21	1	114175550	114175571	17	0.19	0.095	21	21	1	1	1
lnc_inter_chr10_8711	1	Aqr	2	lnc_inter_chr10_8711_DBR1_Aqr_RBR2	20.666666666666668	3	114176042	114176063	16.666666666666668	0.19333333333333333	0.04766666666666667	21	42	2.9523809523809526	1.0161290322580645	3.0483870967741935
lnc_inter_chr10_8711	1	Ar	1	lnc_inter_chr10_8711_DBR1_Ar_RBR1	20	1	98148642	98148662	16	0.2	0.4	20	20	1	1	1
lnc_inter_chr10_8711	1	Araf	1	lnc_inter_chr10_8711_DBR1_Araf_RBR1	20	4	20847765	20847785	16	0.2	0.3	20	26	4	1	4
lnc_inter_chr10_8711	1	Arap2	1	lnc_inter_chr10_8711_DBR1_Arap2_RBR1	23.77777777777778	9	62766883	62766913	19.555555555555557	0.17555555555555555	0.31555555555555553	30	32	7.133333333333334	1.2616822429906542	11.355140186915888
lnc_inter_chr10_8711	1	Arcn1	1	lnc_inter_chr10_8711_DBR1_Arcn1_RBR1	20	1	44767999	44768019	16	0.2	0.05	20	20	1	1	1
lnc_inter_chr10_8711	1	Arel1	1	lnc_inter_chr10_8711_DBR1_Arel1_RBR1	20	1	84971141	84971161	16	0.2	0.3	20	20	1	1	1
lnc_inter_chr10_8711	1	Arf3	2	lnc_inter_chr10_8711_DBR1_Arf3_RBR2	20	1	98764085	98764105	16	0.2	0.25	20	20	1	1	1
lnc_inter_chr10_8711	1	Arhgap44	1	lnc_inter_chr10_8711_DBR1_Arhgap44_RBR1	21.142857142857142	7	65163715	65163744	17	0.19571428571428573	0.05971428571428571	29	37	5.103448275862069	1.3716216216216217	9.601351351351353
lnc_inter_chr10_8711	1	Arhgef19	1	lnc_inter_chr10_8711_DBR1_Arhgef19_RBR1	21.555555555555557	9	141242617	141242641	19.22222222222222	0.10922222222222222	0.4166666666666667	24	45	8.083333333333334	1.11340206185567	10.020618556701029
lnc_inter_chr10_8711	1	Arid1b	2	lnc_inter_chr10_8711_DBR1_Arid1b_RBR2	24.484848484848484	33	4994438	4994494	20.03030303030303	0.18303030303030304	0.43424242424242426	56	45	14.428571428571429	2.2871287128712874	75.47524752475249
lnc_inter_chr10_8711	1	Arid2	1	lnc_inter_chr10_8711_DBR1_Arid2_RBR1	20	1	96287465	96287485	16	0.2	0.55	20	20	1	1	1
lnc_inter_chr10_8711	1	Arid4b	1	lnc_inter_chr10_8711_DBR1_Arid4b_RBR1	20	1	14063457	14063477	16	0.2	0.5	20	20	1	1	1
lnc_inter_chr10_8711	1	Arl13b	2	lnc_inter_chr10_8711_DBR1_Arl13b_RBR2	21	1	62847670	62847691	17	0.19	0.14	21	21	1	1	1
lnc_inter_chr10_8711	1	Arl16	1	lnc_inter_chr10_8711_DBR1_Arl16_RBR1	20	1	120467634	120467654	16	0.2	0.4	20	20	1	1	1
lnc_inter_chr10_8711	1	Arl5a	1	lnc_inter_chr10_8711_DBR1_Arl5a_RBR1	21	1	52425212	52425233	17	0.19	0.095	21	21	1	1	1
lnc_inter_chr10_8711	1	Arl8b	2	lnc_inter_chr10_8711_DBR1_Arl8b_RBR2	20	1	108782884	108782904	16	0.2	0.15	20	20	1	1	1
lnc_inter_chr10_8711	1	Arntl	1	lnc_inter_chr10_8711_DBR1_Arntl_RBR1	21	1	113206778	113206799	17	0.19	0.095	21	21	1	1	1
lnc_inter_chr10_8711	1	Arpc2	1	lnc_inter_chr10_8711_DBR1_Arpc2_RBR1	20	19	74235854	74235888	16.157894736842106	0.19210526315789475	0	34	20	11.176470588235293	1.7	32.3
lnc_inter_chr10_8711	1	Arpp19	1	lnc_inter_chr10_8711_DBR1_Arpp19_RBR1	24.45614035087719	228	75036670	75036775	20.486842105263158	0.16755263157894737	0.3953947368421053	105	53	53.10476190476191	4.293400286944046	978.8952654232426
lnc_inter_chr10_8711	1	Arrdc2	1	lnc_inter_chr10_8711_DBR1_Arrdc2_RBR1	20	2	70840153	70840174	16	0.2	0.05	21	20	1.9047619047619047	1.05	2.1
lnc_inter_chr10_8711	1	Arsa	1	lnc_inter_chr10_8711_DBR1_Arsa_RBR1	20	1	89477517	89477537	16	0.2	0.1	20	20	1	1	1
lnc_inter_chr10_8711	1	Arsb	1	lnc_inter_chr10_8711_DBR1_Arsb_RBR1	20	6	93770858	93770879	17	0.15	0	21	20	5.714285714285714	1.05	6.300000000000001
lnc_inter_chr10_8711	1	Arsg	2	lnc_inter_chr10_8711_DBR1_Arsg_RBR2	20	1	109473142	109473162	16	0.2	0.75	20	20	1	1	1
lnc_inter_chr10_8711	1	Asb2	1	lnc_inter_chr10_8711_DBR1_Asb2_RBR1	21	1	103356165	103356186	17	0.19	0.33	21	21	1	1	1
lnc_inter_chr10_8711	2	0610010F05Rik	2	lnc_inter_chr10_8711_DBR2_0610010F05Rik_RBR2	27.62676056338028	142	23634242	23634332	23.133802816901408	0.16516197183098594	0.3564788732394366	90	53	43.58888888888889	3.2577109355085394	462.5949528422126
lnc_inter_chr10_8711	2	1110004F10Rik	1	lnc_inter_chr10_8711_DBR2_1110004F10Rik_RBR1	20.666666666666668	12	116092758	116092782	16.666666666666668	0.19333333333333333	0.0485	24	42	10.333333333333334	1.161290322580645	13.93548387096774
lnc_inter_chr10_8711	2	1600014C10Rik	1	lnc_inter_chr10_8711_DBR2_1600014C10Rik_RBR1	20.2	5	38182922	38182947	16.2	0.198	0.099	25	30	4.04	1.2376237623762376	6.188118811881188
lnc_inter_chr10_8711	2	2310030G06Rik	1	lnc_inter_chr10_8711_DBR2_2310030G06Rik_RBR1	21	1	50747452	50747473	17	0.19	0.24	21	21	1	1	1
lnc_inter_chr10_8711	2	2510039O18Rik	2	lnc_inter_chr10_8711_DBR2_2510039O18Rik_RBR2	20	1	147940535	147940555	16	0.2	0.2	20	20	1	1	1
lnc_inter_chr10_8711	2	2610507B11Rik	1	lnc_inter_chr10_8711_DBR2_2610507B11Rik_RBR1	20	1	78261015	78261035	16	0.2	0.05	20	20	1	1	1
lnc_inter_chr10_8711	2	2900026A02Rik	1	lnc_inter_chr10_8711_DBR2_2900026A02Rik_RBR1	20	1	113221567	113221587	16	0.2	0.05	20	20	1	1	1
lnc_inter_chr10_8711	2	9130401M01Rik	1	lnc_inter_chr10_8711_DBR2_9130401M01Rik_RBR1	20	1	58034599	58034619	16	0.2	0.05	20	20	1	1	1
lnc_inter_chr10_8711	2	A430005L14Rik	3	lnc_inter_chr10_8711_DBR2_A430005L14Rik_RBR3	20	1	153956657	153956677	16	0.2	0.4	20	20	1	1	1
lnc_inter_chr10_8711	2	AI987944	2	lnc_inter_chr10_8711_DBR2_AI987944_RBR2	25	1	41394205	41394230	20	0.2	0.4	25	25	1	1	1
lnc_inter_chr10_8711	2	Aar2	1	lnc_inter_chr10_8711_DBR2_Aar2_RBR1	20	1	156546737	156546757	16	0.2	0.4	20	20	1	1	1
lnc_inter_chr10_8711	2	Aarsd1	1	lnc_inter_chr10_8711_DBR2_Aarsd1_RBR1	22.31578947368421	19	101418072	101418107	18.36842105263158	0.17526315789473684	0	35	33	12.114285714285714	1.5683962264150944	29.79952830188679
lnc_inter_chr10_8711	2	Abca3	1	lnc_inter_chr10_8711_DBR2_Abca3_RBR1	20	2	24351550	24351570	16	0.2	0.475	20	22	2	1	2
lnc_inter_chr10_8711	2	Abca8a	1	lnc_inter_chr10_8711_DBR2_Abca8a_RBR1	20	2	110096244	110096264	17	0.15	0	20	20	2	1	2
lnc_inter_chr10_8711	2	Abca8a	2	lnc_inter_chr10_8711_DBR2_Abca8a_RBR2	20	1	110096495	110096515	16	0.2	0.15	20	20	1	1	1
lnc_inter_chr10_8711	2	Abcb7	3	lnc_inter_chr10_8711_DBR2_Abcb7_RBR3	20	3	104414681	104414748	16.666666666666668	0.16666666666666666	0.4	46	21	1.3043478260869565	2.3	6.8999999999999995
lnc_inter_chr10_8711	2	Abcd2	3	lnc_inter_chr10_8711_DBR2_Abcd2_RBR3	20	1	91192697	91192717	16	0.2	0.05	20	20	1	1	1
lnc_inter_chr10_8711	2	Abcg2	1	lnc_inter_chr10_8711_DBR2_Abcg2_RBR1	20	2	58584623	58584666	16	0.2	0.4	41	22	0.975609756097561	2.05	4.1
lnc_inter_chr10_8711	2	Acbd3	1	lnc_inter_chr10_8711_DBR2_Acbd3_RBR1	21.5	4	180725274	180725301	17.25	0.1975	0.05675	27	41	3.185185185185185	1.255813953488372	5.023255813953488
lnc_inter_chr10_8711	2	Acbd4	1	lnc_inter_chr10_8711_DBR2_Acbd4_RBR1	20	1	103100824	103100844	16	0.2	0	20	20	1	1	1
lnc_inter_chr10_8711	2	Acp6	1	lnc_inter_chr10_8711_DBR2_Acp6_RBR1	20	3	97157830	97157855	16	0.2	0.06666666666666667	25	22	2.4	1.25	3.75
lnc_inter_chr10_8711	2	Actb	1	lnc_inter_chr10_8711_DBR2_Actb_RBR1	21.5	2	142906896	142906920	18	0.16	0.14	24	24	1.7916666666666667	1.1162790697674418	2.2325581395348837
lnc_inter_chr10_8711	2	Actn4	1	lnc_inter_chr10_8711_DBR2_Actn4_RBR1	20.8	20	28963095	28963116	17.15	0.17450000000000002	0.0411	21	40	19.80952380952381	1.0096153846153846	20.192307692307693
lnc_inter_chr10_8711	2	Actr1a	1	lnc_inter_chr10_8711_DBR2_Actr1a_RBR1	21	1	46396294	46396315	17	0.19	0.095	21	21	1	1	1
lnc_inter_chr10_8711	2	Actr2	2	lnc_inter_chr10_8711_DBR2_Actr2_RBR2	20	2	20113050	20113072	16	0.2	0.45	22	22	1.8181818181818181	1.1	2.2
lnc_inter_chr10_8711	2	Actr5	2	lnc_inter_chr10_8711_DBR2_Actr5_RBR2	20	1	158624425	158624445	16	0.2	0.05	20	20	1	1	1
lnc_inter_chr10_8711	2	Actr8	1	lnc_inter_chr10_8711_DBR2_Actr8_RBR1	30	1	29978258	29978288	24	0.2	0.067	30	30	1	1	1
lnc_inter_chr10_8711	2	Adamts6	2	lnc_inter_chr10_8711_DBR2_Adamts6_RBR2	20	1	104287293	104287313	16	0.2	0.25	20	20	1	1	1
lnc_inter_chr10_8711	2	Aebp2	5	lnc_inter_chr10_8711_DBR2_Aebp2_RBR5	20	1	140622600	140622620	16	0.2	0.35	20	20	1	1	1
lnc_inter_chr10_8711	2	Aen	3	lnc_inter_chr10_8711_DBR2_Aen_RBR3	20.25	4	78895457	78895482	16.75	0.17250000000000001	0.07375000000000001	25	30	3.24	1.2345679012345678	4.938271604938271
lnc_inter_chr10_8711	2	Aen	4	lnc_inter_chr10_8711_DBR2_Aen_RBR4	20	2	78895505	78895526	16	0.2	0	21	20	1.9047619047619047	1.05	2.1
lnc_inter_chr10_8711	2	Afg3l1	1	lnc_inter_chr10_8711_DBR2_Afg3l1_RBR1	20	1	123476920	123476940	16	0.2	0.45	20	20	1	1	1
lnc_inter_chr10_8711	2	Afg3l2	1	lnc_inter_chr10_8711_DBR2_Afg3l2_RBR1	20	1	67449654	67449674	16	0.2	0	20	20	1	1	1
lnc_inter_chr10_8711	2	Aggf1	1	lnc_inter_chr10_8711_DBR2_Aggf1_RBR1	22.727272727272727	11	95375843	95375871	18.272727272727273	0.19636363636363638	0.027545454545454547	28	39	8.928571428571429	1.232	13.552
lnc_inter_chr10_8711	2	Agpat2	1	lnc_inter_chr10_8711_DBR2_Agpat2_RBR1	20.428571428571427	7	26605225	26605246	16.857142857142858	0.1742857142857143	0.04914285714285715	21	40	6.809523809523809	1.0279720279720281	7.195804195804197
lnc_inter_chr10_8711	2	Agrn	2	lnc_inter_chr10_8711_DBR2_Agrn_RBR2	20.142857142857142	14	156198461	156198487	16.357142857142858	0.18785714285714286	0.010071428571428571	26	29	10.846153846153847	1.2907801418439717	18.070921985815605
lnc_inter_chr10_8711	2	Agtr1a	1	lnc_inter_chr10_8711_DBR2_Agtr1a_RBR1	20	3	30335845	30335873	16	0.2	0.1	28	20	2.142857142857143	1.4	4.199999999999999
lnc_inter_chr10_8711	2	Ahcyl2	1	lnc_inter_chr10_8711_DBR2_Ahcyl2_RBR1	22.142857142857142	7	29767612	29767635	18.285714285714285	0.17142857142857143	0.045	23	40	6.739130434782608	1.038709677419355	7.270967741935484
lnc_inter_chr10_8711	2	Akap9	1	lnc_inter_chr10_8711_DBR2_Akap9_RBR1	20	1	3927322	3927342	16	0.2	0.4	20	20	1	1	1
lnc_inter_chr10_8711	2	Akirin2	1	lnc_inter_chr10_8711_DBR2_Akirin2_RBR1	20	1	34550372	34550392	16	0.2	0.05	20	20	1	1	1
lnc_inter_chr10_8711	2	Alg6	1	lnc_inter_chr10_8711_DBR2_Alg6_RBR1	20	10	99715046	99715070	17	0.15	0	24	20	8.333333333333334	1.2	12
lnc_inter_chr10_8711	2	Alyref	1	lnc_inter_chr10_8711_DBR2_Alyref_RBR1	20	1	120598906	120598926	16	0.2	0	20	20	1	1	1
lnc_inter_chr10_8711	2	Amigo2	1	lnc_inter_chr10_8711_DBR2_Amigo2_RBR1	23.514285714285716	70	97247912	97247948	19.071428571428573	0.18842857142857145	0	36	40	45.72222222222222	1.5309842041312272	107.1688942891859
lnc_inter_chr10_8711	2	Anapc1	1	lnc_inter_chr10_8711_DBR2_Anapc1_RBR1	21.06896551724138	29	128687749	128687780	17.448275862068964	0.1706896551724138	0.01482758620689655	31	31	19.70967741935484	1.4713584288052373	42.66939443535188
lnc_inter_chr10_8711	2	Anapc15	3	lnc_inter_chr10_8711_DBR2_Anapc15_RBR3	20	3	101881299	101881323	16.333333333333332	0.18333333333333335	0.11666666666666667	24	24	2.5	1.2	3.5999999999999996
lnc_inter_chr10_8711	2	Ankib1	2	lnc_inter_chr10_8711_DBR2_Ankib1_RBR2	20	1	3803824	3803844	16	0.2	0.4	20	20	1	1	1
lnc_inter_chr10_8711	2	Ankrd28	1	lnc_inter_chr10_8711_DBR2_Ankrd28_RBR1	24.357142857142858	42	31830522	31830556	19.952380952380953	0.17952380952380953	0.43523809523809526	34	119	30.08823529411765	1.3958944281524925	58.62756598240469
lnc_inter_chr10_8711	2	Ankrd46	1	lnc_inter_chr10_8711_DBR2_Ankrd46_RBR1	29.63	200	36497201	36497247	26.785	0.09551	0.41895	46	140	128.82608695652175	1.5524805939925752	310.49611879851506
lnc_inter_chr10_8711	2	Ankrd54	1	lnc_inter_chr10_8711_DBR2_Ankrd54_RBR1	20	28	79063290	79063323	17	0.15	0	33	20	16.96969696969697	1.65	46.199999999999996
lnc_inter_chr10_8711	2	Ano10	2	lnc_inter_chr10_8711_DBR2_Ano10_RBR2	20	2	122294853	122294873	16	0.2	0.15	20	26	2	1	2
lnc_inter_chr10_8711	2	Antxr2	1	lnc_inter_chr10_8711_DBR2_Antxr2_RBR1	21.333333333333332	6	98031566	98031597	17.5	0.17833333333333334	0.10833333333333334	31	29	4.129032258064516	1.453125	8.71875
lnc_inter_chr10_8711	2	Antxr2	2	lnc_inter_chr10_8711_DBR2_Antxr2_RBR2	20.285714285714285	14	98031923	98031947	17.071428571428573	0.15785714285714286	0.017214285714285713	24	31	11.833333333333334	1.1830985915492958	16.56338028169014
lnc_inter_chr10_8711	2	Anxa5	1	lnc_inter_chr10_8711_DBR2_Anxa5_RBR1	20	2	36476605	36476625	16	0.2	0	20	20	2	1	2
lnc_inter_chr10_8711	2	Anxa7	1	lnc_inter_chr10_8711_DBR2_Anxa7_RBR1	20.5	2	20480406	20480429	16.5	0.195	0.07250000000000001	23	21	1.7826086956521738	1.1219512195121952	2.2439024390243905
lnc_inter_chr10_8711	2	Aox3	2	lnc_inter_chr10_8711_DBR2_Aox3_RBR2	20.666666666666668	3	58112548	58112576	17	0.17666666666666667	0.015	28	22	2.2142857142857144	1.3548387096774193	4.064516129032258
lnc_inter_chr10_8711	2	Ap1g1	1	lnc_inter_chr10_8711_DBR2_Ap1g1_RBR1	20.08695652173913	23	109778250	109778282	17.043478260869566	0.15130434782608695	0.0019565217391304345	32	22	14.4375	1.593073593073593	36.64069264069264
lnc_inter_chr10_8711	2	Ap2m1	1	lnc_inter_chr10_8711_DBR2_Ap2m1_RBR1	20.5	2	20534484	20534506	16.5	0.195	0.705	22	24	1.8636363636363635	1.0731707317073171	2.1463414634146343
lnc_inter_chr10_8711	2	Apoh	1	lnc_inter_chr10_8711_DBR2_Apoh_RBR1	22.5	2	108395002	108395029	18	0.2	0.49	27	27	1.6666666666666667	1.2	2.4
lnc_inter_chr10_8711	2	Ar	1	lnc_inter_chr10_8711_DBR2_Ar_RBR1	22	1	98148658	98148680	18	0.18	0.5	22	22	1	1	1
lnc_inter_chr10_8711	2	Araf	1	lnc_inter_chr10_8711_DBR2_Araf_RBR1	21	1	20847765	20847786	17	0.19	0.33	21	21	1	1	1
lnc_inter_chr10_8711	2	Arap2	1	lnc_inter_chr10_8711_DBR2_Arap2_RBR1	21	1	62766892	62766913	17	0.19	0.29	21	21	1	1	1
lnc_inter_chr10_8711	2	Arcn1	1	lnc_inter_chr10_8711_DBR2_Arcn1_RBR1	20	1	44768000	44768020	16	0.2	0.05	20	20	1	1	1
lnc_inter_chr10_8711	2	Arel1	2	lnc_inter_chr10_8711_DBR2_Arel1_RBR2	21.333333333333332	6	84971214	84971242	17.166666666666668	0.195	0.14	28	36	4.571428571428571	1.3125	7.875
lnc_inter_chr10_8711	2	Arel1	3	lnc_inter_chr10_8711_DBR2_Arel1_RBR3	20	1	84971414	84971434	16	0.2	0.05	20	20	1	1	1
lnc_inter_chr10_8711	2	Arel1	4	lnc_inter_chr10_8711_DBR2_Arel1_RBR4	27.066666666666666	15	84971756	84971789	22	0.188	0.017133333333333334	33	40	12.303030303030303	1.2192118226600985	18.288177339901477
lnc_inter_chr10_8711	2	Arf3	1	lnc_inter_chr10_8711_DBR2_Arf3_RBR1	20	1	98763637	98763657	16	0.2	0.4	20	20	1	1	1
lnc_inter_chr10_8711	2	Arhgap44	1	lnc_inter_chr10_8711_DBR2_Arhgap44_RBR1	20	1	65163719	65163739	16	0.2	0.1	20	20	1	1	1
lnc_inter_chr10_8711	2	Arhgef19	1	lnc_inter_chr10_8711_DBR2_Arhgef19_RBR1	20	1	141242622	141242642	16	0.2	0.4	20	20	1	1	1
lnc_inter_chr10_8711	2	Arid1b	2	lnc_inter_chr10_8711_DBR2_Arid1b_RBR2	25	1	4994440	4994465	20	0.2	0.4	25	25	1	1	1
lnc_inter_chr10_8711	2	Arid4b	2	lnc_inter_chr10_8711_DBR2_Arid4b_RBR2	20	1	14063758	14063778	16	0.2	0.65	20	20	1	1	1
lnc_inter_chr10_8711	2	Arl13b	1	lnc_inter_chr10_8711_DBR2_Arl13b_RBR1	21.75	4	62847390	62847415	17.75	0.1825	0.046	25	30	3.48	1.1494252873563218	4.597701149425287
lnc_inter_chr10_8711	2	Arl13b	2	lnc_inter_chr10_8711_DBR2_Arl13b_RBR2	23.666666666666668	3	62847666	62847693	19	0.19666666666666668	0.11333333333333334	27	29	2.6296296296296298	1.1408450704225352	3.422535211267606
lnc_inter_chr10_8711	2	Arl5a	1	lnc_inter_chr10_8711_DBR2_Arl5a_RBR1	20.14814814814815	27	52425212	52425245	16.925925925925927	0.15962962962962962	0.006925925925925926	33	23	16.484848484848484	1.6378676470588234	44.22242647058823
lnc_inter_chr10_8711	2	Arl8b	1	lnc_inter_chr10_8711_DBR2_Arl8b_RBR1	20	3	108782439	108782464	16	0.2	0.1	25	25	2.4	1.25	3.75
lnc_inter_chr10_8711	2	Arntl	1	lnc_inter_chr10_8711_DBR2_Arntl_RBR1	20	4	113206778	113206808	16.25	0.1875	0.07500000000000001	30	27	2.6666666666666665	1.5	6
lnc_inter_chr10_8711	2	Arpc2	1	lnc_inter_chr10_8711_DBR2_Arpc2_RBR1	20	14	74235855	74235893	16	0.2	0	38	20	7.368421052631579	1.9	26.599999999999998
lnc_inter_chr10_8711	2	Arpp19	1	lnc_inter_chr10_8711_DBR2_Arpp19_RBR1	26.26923076923077	26	75036670	75036768	21.46153846153846	0.18423076923076923	0.35730769230769227	85	28	8.035294117647059	3.2357247437774523	84.12884333821376
lnc_inter_chr10_8711	2	Arrdc2	1	lnc_inter_chr10_8711_DBR2_Arrdc2_RBR1	20	1	70840154	70840174	16	0.2	0.05	20	20	1	1	1
lnc_inter_chr10_8711	2	Arsa	1	lnc_inter_chr10_8711_DBR2_Arsa_RBR1	20.75	12	89477512	89477534	16.75	0.1925	0.007916666666666667	22	36	11.318181818181818	1.0602409638554218	12.722891566265062
lnc_inter_chr10_8711	2	Arsb	1	lnc_inter_chr10_8711_DBR2_Arsb_RBR1	20	4	93770858	93770879	17	0.15	0	21	20	3.8095238095238093	1.05	4.2
lnc_inter_chr10_8711	2	Arsg	1	lnc_inter_chr10_8711_DBR2_Arsg_RBR1	20	3	109472864	109472884	16	0.2	0	20	28	3	1	3
lnc_inter_chr10_8711	2	Asb2	1	lnc_inter_chr10_8711_DBR2_Asb2_RBR1	23	1	103356155	103356178	19	0.17	0.35	23	23	1	1	1
lnc_inter_chr10_8711	3	0610010F05Rik	1	lnc_inter_chr10_8711_DBR3_0610010F05Rik_RBR1	20	1	23633815	23633835	17	0.15	0.45	20	20	1	1	1
lnc_inter_chr10_8711	3	0610010F05Rik	2	lnc_inter_chr10_8711_DBR3_0610010F05Rik_RBR2	29.863321799307958	1734	23634242	23634337	26.290657439446367	0.11938696655132643	0.391159169550173	95	138	545.0842105263158	3.181159840101964	5516.131162736806
lnc_inter_chr10_8711	3	2310030G06Rik	1	lnc_inter_chr10_8711_DBR3_2310030G06Rik_RBR1	21	1	50747447	50747468	17	0.19	0.33	21	21	1	1	1
lnc_inter_chr10_8711	3	2510039O18Rik	1	lnc_inter_chr10_8711_DBR3_2510039O18Rik_RBR1	20.5	4	147939972	147939998	16.5	0.195	0.0245	26	40	3.1538461538461537	1.2682926829268293	5.073170731707317
lnc_inter_chr10_8711	3	2510039O18Rik	3	lnc_inter_chr10_8711_DBR3_2510039O18Rik_RBR3	22.5	4	147940690	147940716	18.25	0.1875	0.119	26	31	3.4615384615384617	1.1555555555555554	4.622222222222222
lnc_inter_chr10_8711	3	2610507B11Rik	1	lnc_inter_chr10_8711_DBR3_2610507B11Rik_RBR1	21.06451612903226	31	78261008	78261044	17.612903225806452	0.16225806451612904	0.019483870967741936	36	31	18.13888888888889	1.7090352220520673	52.98009188361409
lnc_inter_chr10_8711	3	2900026A02Rik	1	lnc_inter_chr10_8711_DBR3_2900026A02Rik_RBR1	22.96551724137931	29	113221556	113221597	18.586206896551722	0.19	0.058413793103448276	41	40	16.24390243902439	1.7852852852852854	51.773273273273276
lnc_inter_chr10_8711	3	2900026A02Rik	2	lnc_inter_chr10_8711_DBR3_2900026A02Rik_RBR2	20.444444444444443	9	113222254	113222275	16.555555555555557	0.19	0.01622222222222222	21	39	8.761904761904763	1.0271739130434783	9.244565217391305
lnc_inter_chr10_8711	3	A430005L14Rik	2	lnc_inter_chr10_8711_DBR3_A430005L14Rik_RBR2	27.057142857142857	35	153956514	153956550	21.742857142857144	0.19542857142857142	0.39685714285714285	36	123	26.305555555555557	1.33051742344245	46.568109820485745
lnc_inter_chr10_8711	3	AI987944	1	lnc_inter_chr10_8711_DBR3_AI987944_RBR1	22	1	41394079	41394101	18	0.18	0.68	22	22	1	1	1
lnc_inter_chr10_8711	3	Aar2	1	lnc_inter_chr10_8711_DBR3_Aar2_RBR1	20	1	156546737	156546757	16	0.2	0.4	20	20	1	1	1
lnc_inter_chr10_8711	3	Abca3	1	lnc_inter_chr10_8711_DBR3_Abca3_RBR1	20	13	24351550	24351570	16	0.2	0.45	20	64	13	1	13
lnc_inter_chr10_8711	3	Abca8a	1	lnc_inter_chr10_8711_DBR3_Abca8a_RBR1	20	1	110096244	110096264	16	0.2	0	20	20	1	1	1
lnc_inter_chr10_8711	3	Abcb7	1	lnc_inter_chr10_8711_DBR3_Abcb7_RBR1	20	1	104413846	104413866	16	0.2	0.5	20	20	1	1	1
lnc_inter_chr10_8711	3	Abcb7	3	lnc_inter_chr10_8711_DBR3_Abcb7_RBR3	29.843811394891944	1018	104414681	104414756	25.466601178781925	0.14648133595284873	0.43783889980353635	75	143	405.08	2.5130838352917944	2558.3193443270466
lnc_inter_chr10_8711	3	Abcd2	1	lnc_inter_chr10_8711_DBR3_Abcd2_RBR1	21.5	4	91192144	91192166	17.5	0.185	0.3575	22	26	3.909090909090909	1.0232558139534884	4.093023255813954
lnc_inter_chr10_8711	3	Abcg2	1	lnc_inter_chr10_8711_DBR3_Abcg2_RBR1	25	1	58584624	58584649	20	0.2	0.36	25	25	1	1	1
lnc_inter_chr10_8711	3	Acbd4	2	lnc_inter_chr10_8711_DBR3_Acbd4_RBR2	20	1	103101661	103101681	16	0.2	0.45	20	20	1	1	1
lnc_inter_chr10_8711	3	Acp6	1	lnc_inter_chr10_8711_DBR3_Acp6_RBR1	20	6	97157822	97157864	16	0.2	0.06666666666666667	42	28	2.857142857142857	2.1	12.600000000000001
lnc_inter_chr10_8711	3	Actb	1	lnc_inter_chr10_8711_DBR3_Actb_RBR1	20.5	2	142906907	142906935	16.5	0.195	0.12000000000000001	28	28	1.4642857142857142	1.3658536585365855	2.731707317073171
lnc_inter_chr10_8711	3	Actn4	1	lnc_inter_chr10_8711_DBR3_Actn4_RBR1	20	3	28963096	28963116	16.666666666666668	0.16666666666666669	0.13333333333333333	20	28	3	1	3
lnc_inter_chr10_8711	3	Actr1a	1	lnc_inter_chr10_8711_DBR3_Actr1a_RBR1	21.333333333333332	12	46396289	46396330	17.25	0.19083333333333333	0.035333333333333335	41	40	6.2439024390243905	1.921875	23.0625
lnc_inter_chr10_8711	3	Actr5	1	lnc_inter_chr10_8711_DBR3_Actr5_RBR1	21.4	10	158624245	158624278	17.3	0.191	0.0371	33	40	6.484848484848484	1.5420560747663552	15.420560747663552
lnc_inter_chr10_8711	3	Actr5	2	lnc_inter_chr10_8711_DBR3_Actr5_RBR2	20	5	158624425	158624450	16	0.2	0.05	25	37	4	1.25	6.25
lnc_inter_chr10_8711	3	Actr5	3	lnc_inter_chr10_8711_DBR3_Actr5_RBR3	26	1	158624653	158624679	21	0.19	0.077	26	26	1	1	1
lnc_inter_chr10_8711	3	Actr8	1	lnc_inter_chr10_8711_DBR3_Actr8_RBR1	20.5	42	29978231	29978284	16.785714285714285	0.1811904761904762	0.010666666666666666	53	31	16.245283018867923	2.5853658536585367	108.58536585365854
lnc_inter_chr10_8711	3	Adamts6	2	lnc_inter_chr10_8711_DBR3_Adamts6_RBR2	20	1	104287286	104287306	17	0.15	0.3	20	20	1	1	1
lnc_inter_chr10_8711	3	Aebp2	2	lnc_inter_chr10_8711_DBR3_Aebp2_RBR2	20	4	140622029	140622066	16	0.2	0.0625	37	20	2.1621621621621623	1.85	7.4
lnc_inter_chr10_8711	3	Aen	3	lnc_inter_chr10_8711_DBR3_Aen_RBR3	21	1	78895458	78895479	17	0.19	0.048	21	21	1	1	1
lnc_inter_chr10_8711	3	Aen	4	lnc_inter_chr10_8711_DBR3_Aen_RBR4	20	1	78895506	78895526	16	0.2	0	20	20	1	1	1
lnc_inter_chr10_8711	3	Afg3l1	1	lnc_inter_chr10_8711_DBR3_Afg3l1_RBR1	20	1	123476888	123476908	17	0.15	0.5	20	20	1	1	1
lnc_inter_chr10_8711	3	Afg3l2	1	lnc_inter_chr10_8711_DBR3_Afg3l2_RBR1	20.3	10	67449654	67449675	16.3	0.197	0	21	30	9.666666666666666	1.0344827586206897	10.344827586206897
lnc_inter_chr10_8711	3	Agpat2	1	lnc_inter_chr10_8711_DBR3_Agpat2_RBR1	20	1	26605225	26605245	16	0.2	0.05	20	20	1	1	1
lnc_inter_chr10_8711	3	Agrn	2	lnc_inter_chr10_8711_DBR3_Agrn_RBR2	20	8	156198463	156198487	16.5	0.175	0	24	20	6.666666666666667	1.2	9.6
lnc_inter_chr10_8711	3	Agtr1a	1	lnc_inter_chr10_8711_DBR3_Agtr1a_RBR1	20.35483870967742	31	30335618	30335872	16.29032258064516	0.1996774193548387	0.18096774193548387	141	30	4.475177304964539	6.927099841521394	214.7400950871632
lnc_inter_chr10_8711	3	Ahcyl2	1	lnc_inter_chr10_8711_DBR3_Ahcyl2_RBR1	20	1	29767612	29767632	16	0.2	0.05	20	20	1	1	1
lnc_inter_chr10_8711	3	Akap9	2	lnc_inter_chr10_8711_DBR3_Akap9_RBR2	20	1	3927702	3927722	16	0.2	0.7	20	20	1	1	1
lnc_inter_chr10_8711	3	Akirin2	1	lnc_inter_chr10_8711_DBR3_Akirin2_RBR1	20.4	15	34550371	34550395	16.933333333333334	0.16933333333333334	0.019133333333333332	24	31	12.75	1.1764705882352942	17.647058823529413
lnc_inter_chr10_8711	3	Alg6	2	lnc_inter_chr10_8711_DBR3_Alg6_RBR2	20	1	99715115	99715135	16	0.2	0.4	20	20	1	1	1
lnc_inter_chr10_8711	3	Alyref	1	lnc_inter_chr10_8711_DBR3_Alyref_RBR1	21.416666666666668	24	120598906	120598938	17.375	0.18916666666666668	0.007666666666666667	32	41	16.0625	1.4941634241245136	35.85992217898833
lnc_inter_chr10_8711	3	Amigo2	1	lnc_inter_chr10_8711_DBR3_Amigo2_RBR1	20	1	97247927	97247947	16	0.2	0	20	20	1	1	1
lnc_inter_chr10_8711	3	Anapc1	1	lnc_inter_chr10_8711_DBR3_Anapc1_RBR1	20.263157894736842	19	128687749	128687779	16.894736842105264	0.16578947368421051	0.007263157894736842	30	23	12.833333333333334	1.4805194805194806	28.12987012987013
lnc_inter_chr10_8711	3	Anapc15	1	lnc_inter_chr10_8711_DBR3_Anapc15_RBR1	20	1	101880853	101880873	16	0.2	0.6	20	20	1	1	1
lnc_inter_chr10_8711	3	Ankib1	1	lnc_inter_chr10_8711_DBR3_Ankib1_RBR1	20	1	3803509	3803529	16	0.2	0.2	20	20	1	1	1
lnc_inter_chr10_8711	3	Ankrd28	2	lnc_inter_chr10_8711_DBR3_Ankrd28_RBR2	21	1	31831250	31831271	17	0.19	0.24	21	21	1	1	1
lnc_inter_chr10_8711	3	Ankrd46	1	lnc_inter_chr10_8711_DBR3_Ankrd46_RBR1	22.3	10	36497201	36497237	18.2	0.182	0.46699999999999997	36	25	6.194444444444445	1.6143497757847534	16.143497757847534
lnc_inter_chr10_8711	3	Ankrd54	1	lnc_inter_chr10_8711_DBR3_Ankrd54_RBR1	28.668639053254438	169	79063290	79063323	24.609467455621303	0.13945562130177516	0	33	44	146.8181818181818	1.1510835913312694	194.53312693498452
lnc_inter_chr10_8711	3	Antxr2	2	lnc_inter_chr10_8711_DBR3_Antxr2_RBR2	20.333333333333332	9	98031923	98031947	17.22222222222222	0.15222222222222223	0.010333333333333333	24	23	7.625	1.180327868852459	10.62295081967213
lnc_inter_chr10_8711	3	Anxa5	1	lnc_inter_chr10_8711_DBR3_Anxa5_RBR1	20	9	36476605	36476625	16	0.2	0	20	29	9	1	9
lnc_inter_chr10_8711	3	Anxa7	1	lnc_inter_chr10_8711_DBR3_Anxa7_RBR1	20.548387096774192	62	20480406	20480448	17.338709677419356	0.155	0.006161290322580645	42	31	30.333333333333332	2.0439560439560442	126.72527472527474
lnc_inter_chr10_8711	3	Aox3	2	lnc_inter_chr10_8711_DBR3_Aox3_RBR2	20	1	58112554	58112574	16	0.2	0	20	20	1	1	1
lnc_inter_chr10_8711	3	Ap1g1	1	lnc_inter_chr10_8711_DBR3_Ap1g1_RBR1	27.77358490566038	106	109778250	109778289	23.69811320754717	0.1454433962264151	0.009075471698113208	39	50	75.48717948717949	1.404211956521739	148.84646739130434
lnc_inter_chr10_8711	3	Ap2m1	2	lnc_inter_chr10_8711_DBR3_Ap2m1_RBR2	21.0625	16	20535062	20535084	17.125	0.18625	0.0235	22	45	15.318181818181818	1.0445103857566767	16.712166172106826
lnc_inter_chr10_8711	3	Apoh	1	lnc_inter_chr10_8711_DBR3_Apoh_RBR1	21	6	108395005	108395028	17	0.19	0.4766666666666667	23	33	5.478260869565218	1.0952380952380953	6.571428571428572
lnc_inter_chr10_8711	3	Ar	1	lnc_inter_chr10_8711_DBR3_Ar_RBR1	20.375	8	98148646	98148682	16.375	0.19625	0.65625	36	31	4.527777777777778	1.7668711656441718	14.134969325153374
lnc_inter_chr10_8711	3	Araf	1	lnc_inter_chr10_8711_DBR3_Araf_RBR1	20	11	20847765	20847785	16	0.2	0.3	20	46	11	1	11
lnc_inter_chr10_8711	3	Arap2	1	lnc_inter_chr10_8711_DBR3_Arap2_RBR1	24.807692307692307	52	62766883	62766914	20.153846153846153	0.1878846153846154	0.3142307692307692	31	114	41.61290322580645	1.2496124031007751	64.9798449612403
lnc_inter_chr10_8711	3	Arcn1	1	lnc_inter_chr10_8711_DBR3_Arcn1_RBR1	20.64864864864865	37	44767994	44768029	17.27027027027027	0.1627027027027027	0.012081081081081082	35	31	21.82857142857143	1.6950261780104712	62.71596858638743
lnc_inter_chr10_8711	3	Arhgef19	1	lnc_inter_chr10_8711_DBR3_Arhgef19_RBR1	23.274509803921568	51	141242617	141242642	20.15686274509804	0.13384313725490196	0.41411764705882353	25	131	47.48	1.0741364785172705	54.78096040438079
lnc_inter_chr10_8711	3	Arid1b	2	lnc_inter_chr10_8711_DBR3_Arid1b_RBR2	29.084158415841586	404	4994437	4994494	23.952970297029704	0.17742574257425744	0.4532920792079208	57	120	206.140350877193	1.9598297872340424	791.7712340425531
lnc_inter_chr10_8711	3	Arl5a	1	lnc_inter_chr10_8711_DBR3_Arl5a_RBR1	20.055555555555557	18	52425213	52425244	16.833333333333332	0.16055555555555556	0.0026666666666666666	31	21	11.64516129032258	1.5457063711911356	27.82271468144044
lnc_inter_chr10_8711	3	Arl8b	1	lnc_inter_chr10_8711_DBR3_Arl8b_RBR1	20	1	108782439	108782459	16	0.2	0.1	20	20	1	1	1
lnc_inter_chr10_8711	3	Arl8b	2	lnc_inter_chr10_8711_DBR3_Arl8b_RBR2	21.142857142857142	14	108782873	108782913	17.214285714285715	0.185	0.135	40	37	7.4	1.8918918918918919	26.486486486486488
lnc_inter_chr10_8711	3	Arntl	1	lnc_inter_chr10_8711_DBR3_Arntl_RBR1	20	1	113206787	113206807	16	0.2	0.05	20	20	1	1	1
lnc_inter_chr10_8711	3	Arpc2	1	lnc_inter_chr10_8711_DBR3_Arpc2_RBR1	24.69672131147541	122	74235846	74235896	20.16393442622951	0.18327868852459017	2.7049180327868856e-4	50	44	60.26	2.024560238964487	246.9963491536674
lnc_inter_chr10_8711	3	Arpp19	1	lnc_inter_chr10_8711_DBR3_Arpp19_RBR1	29.876126126126128	1332	75036670	75036775	27.325825825825827	0.08547597597597598	0.43545045045045044	105	111	379	3.5145118733509233	4681.32981530343
lnc_inter_chr10_8711	3	Arrdc2	1	lnc_inter_chr10_8711_DBR3_Arrdc2_RBR1	21.571428571428573	7	70840151	70840175	17.714285714285715	0.17857142857142858	0.06571428571428571	24	40	6.291666666666667	1.1125827814569536	7.788079470198674
lnc_inter_chr10_8711	3	Arsb	1	lnc_inter_chr10_8711_DBR3_Arsb_RBR1	21.382716049382715	81	93770858	93770884	18.061728395061728	0.1527777777777778	0	26	40	66.61538461538461	1.2159353348729793	98.49076212471132
lnc_inter_chr10_8711	3	Asb2	1	lnc_inter_chr10_8711_DBR3_Asb2_RBR1	20	2	103356164	103356187	16	0.2	0.15	23	20	1.7391304347826086	1.15	2.3
lnc_inter_chr10_8711	4	0610010F05Rik	3	lnc_inter_chr10_8711_DBR4_0610010F05Rik_RBR3	20	4	23634407	23634429	16	0.2	0.1125	22	38	3.6363636363636362	1.1	4.4
lnc_inter_chr10_8711	4	2310030G06Rik	1	lnc_inter_chr10_8711_DBR4_2310030G06Rik_RBR1	20.5	4	50747440	50747477	16.5	0.195	0.33	37	25	2.2162162162162162	1.8048780487804879	7.219512195121951
lnc_inter_chr10_8711	4	2610507B11Rik	1	lnc_inter_chr10_8711_DBR4_2610507B11Rik_RBR1	20.166666666666668	18	78261008	78261039	16.944444444444443	0.15944444444444444	0.005166666666666667	31	23	11.709677419354838	1.537190082644628	27.669421487603305
lnc_inter_chr10_8711	4	A430005L14Rik	1	lnc_inter_chr10_8711_DBR4_A430005L14Rik_RBR1	24	2	153956339	153956365	19.5	0.185	0.1055	26	27	1.8461538461538463	1.0833333333333333	2.1666666666666665
lnc_inter_chr10_8711	4	Aar2	2	lnc_inter_chr10_8711_DBR4_Aar2_RBR2	21	1	156547017	156547038	17	0.19	0.14	21	21	1	1	1
lnc_inter_chr10_8711	4	Abca3	1	lnc_inter_chr10_8711_DBR4_Abca3_RBR1	20.083333333333332	12	24351549	24351570	16.083333333333332	0.1991666666666667	0.44833333333333336	21	32	11.476190476190476	1.045643153526971	12.547717842323653
lnc_inter_chr10_8711	4	Abca8a	3	lnc_inter_chr10_8711_DBR4_Abca8a_RBR3	25.464285714285715	196	110096724	110096805	21.464285714285715	0.16255102040816327	0.38954081632653065	81	53	61.617283950617285	3.1809256661991583	623.461430575035
lnc_inter_chr10_8711	4	Abca8a	4	lnc_inter_chr10_8711_DBR4_Abca8a_RBR4	20.75	4	110096863	110096884	16.75	0.1925	0.385	21	26	3.9523809523809526	1.0120481927710843	4.048192771084337
lnc_inter_chr10_8711	4	Abcb7	2	lnc_inter_chr10_8711_DBR4_Abcb7_RBR2	20	1	104413904	104413924	16	0.2	0.75	20	20	1	1	1
lnc_inter_chr10_8711	4	Abcd2	1	lnc_inter_chr10_8711_DBR4_Abcd2_RBR1	21	2	91192144	91192166	17	0.19	0.355	22	22	1.9090909090909092	1.0476190476190477	2.0952380952380953
lnc_inter_chr10_8711	4	Abcg2	1	lnc_inter_chr10_8711_DBR4_Abcg2_RBR1	20	1	58584643	58584663	16	0.2	0.4	20	20	1	1	1
lnc_inter_chr10_8711	4	Acbd4	2	lnc_inter_chr10_8711_DBR4_Acbd4_RBR2	22	1	103101659	103101681	18	0.18	0.5	22	22	1	1	1
lnc_inter_chr10_8711	4	Acp6	1	lnc_inter_chr10_8711_DBR4_Acp6_RBR1	21.384615384615383	39	97157814	97157874	17.41025641025641	0.18666666666666668	0.03051282051282051	60	33	13.9	2.8057553956834536	109.4244604316547
lnc_inter_chr10_8711	4	Acp6	2	lnc_inter_chr10_8711_DBR4_Acp6_RBR2	20	3	97158219	97158240	16	0.2	0	21	20	2.857142857142857	1.05	3.1500000000000004
lnc_inter_chr10_8711	4	Acp6	3	lnc_inter_chr10_8711_DBR4_Acp6_RBR3	20.333333333333332	3	97158510	97158534	16.333333333333332	0.19666666666666668	0.08166666666666667	24	25	2.5416666666666665	1.180327868852459	3.540983606557377
lnc_inter_chr10_8711	4	Actb	1	lnc_inter_chr10_8711_DBR4_Actb_RBR1	20.875	24	142906885	142906924	16.791666666666668	0.19625	0.051333333333333335	39	30	12.846153846153847	1.8682634730538923	44.83832335329342
lnc_inter_chr10_8711	4	Actn4	1	lnc_inter_chr10_8711_DBR4_Actn4_RBR1	20	1	28963095	28963115	17	0.15	0.1	20	20	1	1	1
lnc_inter_chr10_8711	4	Actr8	1	lnc_inter_chr10_8711_DBR4_Actr8_RBR1	20.566666666666666	30	29978232	29978288	16.9	0.17833333333333334	0.0073	56	29	11.017857142857142	2.7228525121555918	81.68557536466776
lnc_inter_chr10_8711	4	Adamts6	3	lnc_inter_chr10_8711_DBR4_Adamts6_RBR3	20	1	104287436	104287456	16	0.2	0.05	20	20	1	1	1
lnc_inter_chr10_8711	4	Aebp2	2	lnc_inter_chr10_8711_DBR4_Aebp2_RBR2	21.666666666666668	3	140622021	140622068	17.333333333333332	0.2	0.04666666666666667	46	30	1.4130434782608696	2.123076923076923	6.36923076923077
lnc_inter_chr10_8711	4	Aen	1	lnc_inter_chr10_8711_DBR4_Aen_RBR1	22.95	20	78895058	78895100	18.65	0.1865	0.437	42	32	10.928571428571429	1.8300653594771243	36.60130718954249
lnc_inter_chr10_8711	4	Agrn	1	lnc_inter_chr10_8711_DBR4_Agrn_RBR1	20.666666666666668	3	156198389	156198417	16.666666666666668	0.19333333333333333	0.7066666666666667	28	28	2.2142857142857144	1.3548387096774193	4.064516129032258
lnc_inter_chr10_8711	4	Agtr1a	1	lnc_inter_chr10_8711_DBR4_Agtr1a_RBR1	20.2	10	30335817	30335877	16.2	0.198	0.139	60	23	3.3666666666666667	2.9702970297029703	29.7029702970297
lnc_inter_chr10_8711	4	Akirin2	1	lnc_inter_chr10_8711_DBR4_Akirin2_RBR1	20.333333333333332	9	34550371	34550395	17	0.16333333333333333	0.010333333333333333	24	23	7.625	1.180327868852459	10.62295081967213
lnc_inter_chr10_8711	4	Alg6	1	lnc_inter_chr10_8711_DBR4_Alg6_RBR1	23.2972972972973	74	99715046	99715073	20.243243243243242	0.12932432432432434	0.004256756756756757	27	45	63.851851851851855	1.1589327146171693	85.76102088167053
lnc_inter_chr10_8711	4	Anapc1	1	lnc_inter_chr10_8711_DBR4_Anapc1_RBR1	26.32	100	128687746	128687782	22	0.16358	0.01386	36	51	73.11111111111111	1.3677811550151975	136.77811550151975
lnc_inter_chr10_8711	4	Anapc1	2	lnc_inter_chr10_8711_DBR4_Anapc1_RBR2	20	1	128688141	128688161	16	0.2	0.1	20	20	1	1	1
lnc_inter_chr10_8711	4	Anapc15	1	lnc_inter_chr10_8711_DBR4_Anapc15_RBR1	25	1	101880843	101880868	20	0.2	0.52	25	25	1	1	1
lnc_inter_chr10_8711	4	Ankrd28	1	lnc_inter_chr10_8711_DBR4_Ankrd28_RBR1	25.185185185185187	27	31830525	31830556	20.666666666666668	0.17814814814814814	0.42814814814814817	31	42	21.93548387096774	1.2308823529411763	33.23382352941176
lnc_inter_chr10_8711	4	Ankrd46	1	lnc_inter_chr10_8711_DBR4_Ankrd46_RBR1	29.061855670103093	97	36497202	36497237	26.02061855670103	0.10406185567010309	0.39257731958762887	35	50	80.54285714285714	1.2043277758070239	116.81979425328132
lnc_inter_chr10_8711	4	Ankrd54	1	lnc_inter_chr10_8711_DBR4_Ankrd54_RBR1	20	28	79063290	79063323	16	0.2	0	33	20	16.96969696969697	1.65	46.199999999999996
lnc_inter_chr10_8711	4	Antxr2	1	lnc_inter_chr10_8711_DBR4_Antxr2_RBR1	20	1	98031569	98031589	16	0.2	0.1	20	20	1	1	1
lnc_inter_chr10_8711	4	Anxa7	1	lnc_inter_chr10_8711_DBR4_Anxa7_RBR1	20.097560975609756	41	20480407	20480448	17.024390243902438	0.1526829268292683	0.0034390243902439025	41	23	20.097560975609756	2.0400485436893203	83.64199029126213
lnc_inter_chr10_8711	4	Aox3	1	lnc_inter_chr10_8711_DBR4_Aox3_RBR1	25.666666666666668	30	58112172	58112231	20.666666666666668	0.19533333333333333	0.2946666666666667	59	30	13.05084745762712	2.2987012987012987	68.96103896103897
lnc_inter_chr10_8711	4	Ap1g1	1	lnc_inter_chr10_8711_DBR4_Ap1g1_RBR1	20	1	109778267	109778287	16	0.2	0.05	20	20	1	1	1
lnc_inter_chr10_8711	4	Ap2m1	2	lnc_inter_chr10_8711_DBR4_Ap2m1_RBR2	20	1	20535062	20535082	16	0.2	0.05	20	20	1	1	1
lnc_inter_chr10_8711	4	Apoh	1	lnc_inter_chr10_8711_DBR4_Apoh_RBR1	24.318181818181817	22	108395003	108395028	19.863636363636363	0.1831818181818182	0.4709090909090909	25	64	21.4	1.0280373831775702	22.616822429906545
lnc_inter_chr10_8711	4	Ar	1	lnc_inter_chr10_8711_DBR4_Ar_RBR1	20	1	98148665	98148685	18	0.1	0.55	20	20	1	1	1
lnc_inter_chr10_8711	4	Araf	1	lnc_inter_chr10_8711_DBR4_Araf_RBR1	20	16	20847765	20847785	16	0.2	0.3	20	47	16	1	16
lnc_inter_chr10_8711	4	Arap2	1	lnc_inter_chr10_8711_DBR4_Arap2_RBR1	21.76923076923077	13	62766878	62766909	17.53846153846154	0.19384615384615386	0.10153846153846154	31	35	9.129032258064516	1.4240282685512367	18.512367491166078
lnc_inter_chr10_8711	4	Arcn1	1	lnc_inter_chr10_8711_DBR4_Arcn1_RBR1	20.17391304347826	23	44767997	44768029	16.956521739130434	0.1591304347826087	0.0061304347826086954	32	23	14.5	1.586206896551724	36.48275862068965
lnc_inter_chr10_8711	4	Arhgef19	1	lnc_inter_chr10_8711_DBR4_Arhgef19_RBR1	21.333333333333332	3	141242617	141242642	17.333333333333332	0.18666666666666668	0.48666666666666664	25	24	2.56	1.171875	3.515625
lnc_inter_chr10_8711	4	Arid1b	1	lnc_inter_chr10_8711_DBR4_Arid1b_RBR1	20	2	4994166	4994188	16	0.2	0.675	22	30	1.8181818181818181	1.1	2.2
lnc_inter_chr10_8711	4	Arid1b	3	lnc_inter_chr10_8711_DBR4_Arid1b_RBR3	20	1	4994685	4994705	16	0.2	0.7	20	20	1	1	1
lnc_inter_chr10_8711	4	Arl5a	1	lnc_inter_chr10_8711_DBR4_Arl5a_RBR1	26.94871794871795	117	52425212	52425250	22.299145299145298	0.17165811965811967	0.01164957264957265	38	50	82.97368421052632	1.4100856327307327	164.98001902949574
lnc_inter_chr10_8711	4	Arl8b	2	lnc_inter_chr10_8711_DBR4_Arl8b_RBR2	20	1	108782876	108782896	16	0.2	0.05	20	20	1	1	1
lnc_inter_chr10_8711	4	Arntl	1	lnc_inter_chr10_8711_DBR4_Arntl_RBR1	21.428571428571427	28	113206778	113206809	17.535714285714285	0.18035714285714285	0.023428571428571427	31	31	19.35483870967742	1.4466666666666668	40.50666666666667
lnc_inter_chr10_8711	4	Arpc2	1	lnc_inter_chr10_8711_DBR4_Arpc2_RBR1	20	2	74235861	74235881	16	0.2	0	20	20	2	1	2
lnc_inter_chr10_8711	4	Arpp19	2	lnc_inter_chr10_8711_DBR4_Arpp19_RBR2	21	1	75037562	75037583	17	0.19	0.62	21	21	1	1	1
lnc_inter_chr10_8711	4	Arsb	1	lnc_inter_chr10_8711_DBR4_Arsb_RBR1	20	4	93770858	93770879	16	0.2	0	21	20	3.8095238095238093	1.05	4.2
lnc_inter_chr10_8711	5	0610010F05Rik	2	lnc_inter_chr10_8711_DBR5_0610010F05Rik_RBR2	22.36842105263158	19	23634255	23634312	18.63157894736842	0.16578947368421054	0.47947368421052633	57	23	7.456140350877193	2.548235294117647	48.4164705882353
lnc_inter_chr10_8711	5	2310030G06Rik	1	lnc_inter_chr10_8711_DBR5_2310030G06Rik_RBR1	20	4	50747428	50747472	16	0.2	0.1125	44	35	1.8181818181818181	2.2	8.8
lnc_inter_chr10_8711	5	2610507B11Rik	1	lnc_inter_chr10_8711_DBR5_2610507B11Rik_RBR1	27.829931972789115	147	78261008	78261046	23.01360544217687	0.1721496598639456	0.013285714285714286	38	47	107.65789473684211	1.3654363236372524	200.71913957467612
lnc_inter_chr10_8711	5	2610507B11Rik	2	lnc_inter_chr10_8711_DBR5_2610507B11Rik_RBR2	22.666666666666668	3	78261189	78261215	18.333333333333332	0.19	0	26	34	2.6153846153846154	1.1470588235294117	3.441176470588235
lnc_inter_chr10_8711	5	A430005L14Rik	2	lnc_inter_chr10_8711_DBR5_A430005L14Rik_RBR2	25.59090909090909	22	153956514	153956550	20.863636363636363	0.18272727272727274	0.3986363636363636	36	45	15.63888888888889	1.4067495559502665	30.948490230905865
lnc_inter_chr10_8711	5	Abca8a	3	lnc_inter_chr10_8711_DBR5_Abca8a_RBR3	20.5	2	110096786	110096808	16.5	0.195	0.39	22	21	1.8636363636363635	1.0731707317073171	2.1463414634146343
lnc_inter_chr10_8711	5	Abcb7	3	lnc_inter_chr10_8711_DBR5_Abcb7_RBR3	21.25	4	104414732	104414759	17.25	0.1875	0.375	27	24	3.1481481481481484	1.2705882352941176	5.08235294117647
lnc_inter_chr10_8711	5	Abcd2	1	lnc_inter_chr10_8711_DBR5_Abcd2_RBR1	21.571428571428573	14	91192144	91192166	17.571428571428573	0.18428571428571427	0.3578571428571428	22	54	13.727272727272727	1.019867549668874	14.278145695364238
lnc_inter_chr10_8711	5	Abcg2	1	lnc_inter_chr10_8711_DBR5_Abcg2_RBR1	21	4	58584632	58584655	17	0.19	0.14	23	29	3.652173913043478	1.0952380952380953	4.380952380952381
lnc_inter_chr10_8711	5	Acbd4	2	lnc_inter_chr10_8711_DBR5_Acbd4_RBR2	21	1	103101663	103101684	17	0.19	0.48	21	21	1	1	1
lnc_inter_chr10_8711	5	Acp6	1	lnc_inter_chr10_8711_DBR5_Acp6_RBR1	20.05263157894737	19	97157821	97157864	16.31578947368421	0.1863157894736842	0.007789473684210527	43	21	8.86046511627907	2.1443569553805775	40.74278215223097
lnc_inter_chr10_8711	5	Acp6	2	lnc_inter_chr10_8711_DBR5_Acp6_RBR2	20	3	97158214	97158239	16	0.2	0	25	20	2.4	1.25	3.75
lnc_inter_chr10_8711	5	Actb	1	lnc_inter_chr10_8711_DBR5_Actb_RBR1	20.125	8	142906886	142906919	16.25	0.1925	0.02475	33	21	4.878787878787879	1.639751552795031	13.118012422360248
lnc_inter_chr10_8711	5	Actr8	1	lnc_inter_chr10_8711_DBR5_Actr8_RBR1	29.079510703363916	327	29978231	29978290	23.813455657492355	0.18092354740061162	0.005978593272171254	59	52	161.16949152542372	2.028919970554212	663.4568303712273
lnc_inter_chr10_8711	5	Adamts6	2	lnc_inter_chr10_8711_DBR5_Adamts6_RBR2	21	2	104287298	104287324	17	0.19	0.0955	26	26	1.6153846153846154	1.2380952380952381	2.4761904761904763
lnc_inter_chr10_8711	5	Aebp2	2	lnc_inter_chr10_8711_DBR5_Aebp2_RBR2	21.70212765957447	47	140622014	140622070	17.914893617021278	0.17574468085106384	0.05125531914893617	56	33	18.214285714285715	2.580392156862745	121.27843137254901
lnc_inter_chr10_8711	5	Aen	3	lnc_inter_chr10_8711_DBR5_Aen_RBR3	20	1	78895453	78895473	16	0.2	0.1	20	20	1	1	1
lnc_inter_chr10_8711	5	Agrn	2	lnc_inter_chr10_8711_DBR5_Agrn_RBR2	23.207792207792206	77	156198461	156198487	19.376623376623378	0.1647012987012987	0.009909090909090909	26	49	68.73076923076923	1.1203133743704534	86.26412982652491
lnc_inter_chr10_8711	5	Agtr1a	1	lnc_inter_chr10_8711_DBR5_Agtr1a_RBR1	20	3	30335767	30335787	16	0.2	0.3	20	24	3	1	3
lnc_inter_chr10_8711	5	Akirin2	1	lnc_inter_chr10_8711_DBR5_Akirin2_RBR1	22.77922077922078	77	34550371	34550395	19.337662337662337	0.15164935064935064	0.005038961038961039	24	47	73.08333333333333	1.0535917901938427	81.12656784492589
lnc_inter_chr10_8711	5	Alg6	1	lnc_inter_chr10_8711_DBR5_Alg6_RBR1	20	10	99715046	99715070	16	0.2	0	24	20	8.333333333333334	1.2	12
lnc_inter_chr10_8711	5	Anapc1	1	lnc_inter_chr10_8711_DBR5_Anapc1_RBR1	20.071428571428573	14	128687749	128687777	16.071428571428573	0.1992857142857143	0.003428571428571429	28	21	10.035714285714286	1.395017793594306	19.530249110320284
lnc_inter_chr10_8711	5	Anapc15	2	lnc_inter_chr10_8711_DBR5_Anapc15_RBR2	20	1	101880914	101880934	16	0.2	0.4	20	20	1	1	1
lnc_inter_chr10_8711	5	Ankrd54	1	lnc_inter_chr10_8711_DBR5_Ankrd54_RBR1	20	14	79063290	79063323	16	0.2	0	33	20	8.484848484848484	1.65	23.099999999999998
lnc_inter_chr10_8711	5	Antxr2	1	lnc_inter_chr10_8711_DBR5_Antxr2_RBR1	21	1	98031569	98031590	17	0.19	0.048	21	21	1	1	1
lnc_inter_chr10_8711	5	Anxa7	1	lnc_inter_chr10_8711_DBR5_Anxa7_RBR1	29.224	375	20480404	20480448	24.930666666666667	0.14555466666666667	0.0033466666666666666	44	50	249.0681818181818	1.5056118258965234	564.6044347111963
lnc_inter_chr10_8711	5	Aox3	1	lnc_inter_chr10_8711_DBR5_Aox3_RBR1	28.706036745406823	381	58112172	58112231	23.3753280839895	0.18658792650918637	0.31162729658792654	59	99	185.3728813559322	2.0553168144829477	783.0757063180031
lnc_inter_chr10_8711	5	Ap1g1	1	lnc_inter_chr10_8711_DBR5_Ap1g1_RBR1	20	23	109778252	109778287	16	0.2	0.002173913043478261	35	20	13.142857142857142	1.75	40.25
lnc_inter_chr10_8711	5	Apoh	1	lnc_inter_chr10_8711_DBR5_Apoh_RBR1	21.666666666666668	3	108395003	108395035	17.666666666666668	0.18333333333333332	0.4766666666666667	32	31	2.03125	1.4769230769230768	4.43076923076923
lnc_inter_chr10_8711	5	Ar	1	lnc_inter_chr10_8711_DBR5_Ar_RBR1	20	1	98148663	98148683	16	0.2	0.5	20	20	1	1	1
lnc_inter_chr10_8711	5	Arap2	1	lnc_inter_chr10_8711_DBR5_Arap2_RBR1	20	1	62766894	62766914	16	0.2	0.4	20	20	1	1	1
lnc_inter_chr10_8711	5	Arcn1	1	lnc_inter_chr10_8711_DBR5_Arcn1_RBR1	27.829787234042552	141	44767992	44768029	23.340425531914892	0.16176595744680852	0.009312056737588652	37	53	106.05405405405405	1.3295107033639144	187.46100917431193
lnc_inter_chr10_8711	5	Arhgef19	1	lnc_inter_chr10_8711_DBR5_Arhgef19_RBR1	22.64516129032258	31	141242617	141242641	19.838709677419356	0.12432258064516129	0.3993548387096774	24	47	29.25	1.0598290598290598	32.85470085470085
lnc_inter_chr10_8711	5	Arid1b	2	lnc_inter_chr10_8711_DBR5_Arid1b_RBR2	20	2	4994440	4994463	16	0.2	0.375	23	23	1.7391304347826086	1.15	2.3
lnc_inter_chr10_8711	5	Arl5a	1	lnc_inter_chr10_8711_DBR5_Arl5a_RBR1	20	14	52425216	52425242	16	0.2	0	26	20	10.76923076923077	1.3	18.2
lnc_inter_chr10_8711	5	Arl8b	2	lnc_inter_chr10_8711_DBR5_Arl8b_RBR2	20	2	108782874	108782895	16	0.2	0.1	21	21	1.9047619047619047	1.05	2.1
lnc_inter_chr10_8711	5	Arntl	1	lnc_inter_chr10_8711_DBR5_Arntl_RBR1	20.27777777777778	18	113206778	113206809	16.72222222222222	0.175	0.007666666666666666	31	23	11.774193548387096	1.5287671232876712	27.517808219178082
lnc_inter_chr10_8711	5	Arpp19	1	lnc_inter_chr10_8711_DBR5_Arpp19_RBR1	22.586206896551722	29	75036670	75036768	19.413793103448278	0.1403448275862069	0.5155172413793103	93	23	7.043010752688172	4.117557251908397	119.4091603053435
lnc_inter_chr10_8711	5	Arsb	1	lnc_inter_chr10_8711_DBR5_Arsb_RBR1	20	2	93770858	93770879	16	0.2	0	21	20	1.9047619047619047	1.05	2.1
lnc_inter_chr10_8711	6	0610010F05Rik	2	lnc_inter_chr10_8711_DBR6_0610010F05Rik_RBR2	29.817460317460316	756	23634239	23634337	26.05952380952381	0.1260079365079365	0.37366402116402114	98	53	230.0204081632653	3.2866648922012245	2484.718658504126
lnc_inter_chr10_8711	6	2610507B11Rik	1	lnc_inter_chr10_8711_DBR6_2610507B11Rik_RBR1	20	1	78261019	78261039	16	0.2	0.05	20	20	1	1	1
lnc_inter_chr10_8711	6	Abca8a	3	lnc_inter_chr10_8711_DBR6_Abca8a_RBR3	29.90230242688239	1607	110096724	110096813	27.42190416925949	0.08300311138767891	0.4272682016179216	89	142	539.9213483146067	2.97635943645558	4783.009614384117
lnc_inter_chr10_8711	6	Abca8a	4	lnc_inter_chr10_8711_DBR6_Abca8a_RBR4	20.928571428571427	14	110096863	110096884	16.928571428571427	0.19071428571428573	0.38142857142857145	21	83	13.952380952380953	1.0034129692832765	14.04778156996587
lnc_inter_chr10_8711	6	Abcb7	3	lnc_inter_chr10_8711_DBR6_Abcb7_RBR3	20	1	104414737	104414757	16	0.2	0.3	20	20	1	1	1
lnc_inter_chr10_8711	6	Abcd2	4	lnc_inter_chr10_8711_DBR6_Abcd2_RBR4	20.5	2	91192919	91192946	17	0.17	0.365	27	27	1.5185185185185186	1.3170731707317074	2.6341463414634148
lnc_inter_chr10_8711	6	Abcg2	2	lnc_inter_chr10_8711_DBR6_Abcg2_RBR2	20	1	58584684	58584704	16	0.2	0.4	20	20	1	1	1
lnc_inter_chr10_8711	6	Acbd4	1	lnc_inter_chr10_8711_DBR6_Acbd4_RBR1	21.425	40	103100822	103100846	17.45	0.1845	0.002375	24	40	35.708333333333336	1.1201866977829638	44.807467911318554
lnc_inter_chr10_8711	6	Acp6	1	lnc_inter_chr10_8711_DBR6_Acp6_RBR1	23	2	97157821	97157848	18.5	0.195	0.044	27	27	1.7037037037037037	1.173913043478261	2.347826086956522
lnc_inter_chr10_8711	6	Actb	1	lnc_inter_chr10_8711_DBR6_Actb_RBR1	20	1	142906901	142906921	16	0.2	0.15	20	20	1	1	1
lnc_inter_chr10_8711	6	Actr8	1	lnc_inter_chr10_8711_DBR6_Actr8_RBR1	20	4	29978259	29978282	16.25	0.1875	0.07500000000000001	23	23	3.4782608695652173	1.15	4.6
lnc_inter_chr10_8711	6	Adamts6	2	lnc_inter_chr10_8711_DBR6_Adamts6_RBR2	21.166666666666668	12	104287291	104287324	17.25	0.185	0.06433333333333334	33	30	7.696969696969697	1.5590551181102361	18.708661417322833
lnc_inter_chr10_8711	6	Adamts6	3	lnc_inter_chr10_8711_DBR6_Adamts6_RBR3	21	18	104287409	104287458	18.27777777777778	0.1288888888888889	0.07066666666666667	49	30	7.714285714285714	2.3333333333333335	42
lnc_inter_chr10_8711	6	Adamts6	4	lnc_inter_chr10_8711_DBR6_Adamts6_RBR4	20.5	2	104287570	104287593	16.5	0.195	0.12000000000000001	23	22	1.7826086956521738	1.1219512195121952	2.2439024390243905
lnc_inter_chr10_8711	6	Aebp2	2	lnc_inter_chr10_8711_DBR6_Aebp2_RBR2	20.4	25	140622014	140622070	16.68	0.182	0.01696	56	27	9.107142857142858	2.7450980392156863	68.62745098039215
lnc_inter_chr10_8711	6	Aen	1	lnc_inter_chr10_8711_DBR6_Aen_RBR1	26	7	78895058	78895101	21.142857142857142	0.18857142857142858	0.45714285714285713	43	38	4.232558139534884	1.6538461538461537	11.576923076923077
lnc_inter_chr10_8711	6	Agrn	2	lnc_inter_chr10_8711_DBR6_Agrn_RBR2	20	4	156198463	156198484	16	0.2	0	21	20	3.8095238095238093	1.05	4.2
lnc_inter_chr10_8711	6	Agtr1a	1	lnc_inter_chr10_8711_DBR6_Agtr1a_RBR1	20	1	30335741	30335761	16	0.2	0.2	20	20	1	1	1
lnc_inter_chr10_8711	6	Akirin2	1	lnc_inter_chr10_8711_DBR6_Akirin2_RBR1	20.142857142857142	7	34550372	34550395	16.142857142857142	0.1985714285714286	0.006857142857142858	23	21	6.130434782608695	1.1418439716312057	7.99290780141844
lnc_inter_chr10_8711	6	Alg6	1	lnc_inter_chr10_8711_DBR6_Alg6_RBR1	20	5	99715046	99715070	16	0.2	0	24	20	4.166666666666667	1.2	6
lnc_inter_chr10_8711	6	Anapc1	1	lnc_inter_chr10_8711_DBR6_Anapc1_RBR1	20	7	128687749	128687777	16.142857142857142	0.19285714285714287	0.0071428571428571435	28	20	5	1.4	9.799999999999999
lnc_inter_chr10_8711	6	Anapc15	1	lnc_inter_chr10_8711_DBR6_Anapc15_RBR1	20	1	101880856	101880876	16	0.2	0.7	20	20	1	1	1
lnc_inter_chr10_8711	6	Antxr2	1	lnc_inter_chr10_8711_DBR6_Antxr2_RBR1	20	1	98031563	98031583	16	0.2	0.2	20	20	1	1	1
lnc_inter_chr10_8711	6	Anxa7	1	lnc_inter_chr10_8711_DBR6_Anxa7_RBR1	20.025641025641026	39	20480409	20480448	16.025641025641026	0.19974358974358974	0.0012307692307692308	39	21	20.025641025641026	1.9475032010243278	75.95262483994878
lnc_inter_chr10_8711	6	Aox3	2	lnc_inter_chr10_8711_DBR6_Aox3_RBR2	20.6	10	58112551	58112576	16.5	0.199	0.009000000000000001	25	38	8.24	1.2135922330097086	12.135922330097086
lnc_inter_chr10_8711	6	Aox3	3	lnc_inter_chr10_8711_DBR6_Aox3_RBR3	20	3	58112622	58112645	16.666666666666668	0.16666666666666666	0.13333333333333333	23	23	2.608695652173913	1.15	3.4499999999999997
lnc_inter_chr10_8711	6	Ap1g1	1	lnc_inter_chr10_8711_DBR6_Ap1g1_RBR1	20	11	109778252	109778282	16	0.2	0	30	20	7.333333333333333	1.5	16.5
lnc_inter_chr10_8711	6	Apoh	1	lnc_inter_chr10_8711_DBR6_Apoh_RBR1	24	19	108394998	108395031	19.789473684210527	0.17473684210526316	0.4652631578947368	33	40	13.818181818181818	1.375	26.125
lnc_inter_chr10_8711	6	Arap2	1	lnc_inter_chr10_8711_DBR6_Arap2_RBR1	26.5	28	62766881	62766914	21.821428571428573	0.1744642857142857	0.30964285714285716	33	44	22.484848484848484	1.2452830188679245	34.867924528301884
lnc_inter_chr10_8711	6	Arcn1	1	lnc_inter_chr10_8711_DBR6_Arcn1_RBR1	20	1	44767998	44768018	16	0.2	0.05	20	20	1	1	1
lnc_inter_chr10_8711	6	Arid1b	2	lnc_inter_chr10_8711_DBR6_Arid1b_RBR2	21.333333333333332	6	4994448	4994493	17.166666666666668	0.195	0.5	45	27	2.8444444444444446	2.109375	12.65625
lnc_inter_chr10_8711	6	Arl5a	1	lnc_inter_chr10_8711_DBR6_Arl5a_RBR1	20	7	52425216	52425242	16	0.2	0	26	20	5.384615384615385	1.3	9.1
lnc_inter_chr10_8711	6	Arl8b	2	lnc_inter_chr10_8711_DBR6_Arl8b_RBR2	20.5	2	108782881	108782904	16.5	0.195	0.14500000000000002	23	21	1.7826086956521738	1.1219512195121952	2.2439024390243905
lnc_inter_chr10_8711	6	Arntl	1	lnc_inter_chr10_8711_DBR6_Arntl_RBR1	26.225806451612904	124	113206773	113206813	21.588709677419356	0.17626612903225808	0.018193548387096775	40	55	81.3	1.5252152521525215	189.12669126691267
lnc_inter_chr10_8711	6	Arpp19	1	lnc_inter_chr10_8711_DBR6_Arpp19_RBR1	29.512779552715656	626	75036670	75036777	26.562300319488816	0.10069808306709266	0.409185303514377	107	50	172.66355140186917	3.6255480378890392	2269.5930717185383
lnc_inter_chr10_8711	7	2610507B11Rik	1	lnc_inter_chr10_8711_DBR7_2610507B11Rik_RBR1	20.11764705882353	17	78261008	78261040	16.11764705882353	0.1988235294117647	0.005647058823529412	32	21	10.6875	1.5906432748538013	27.04093567251462
lnc_inter_chr10_8711	7	Abca8a	1	lnc_inter_chr10_8711_DBR7_Abca8a_RBR1	20.3	10	110096243	110096264	16.3	0.197	0	21	30	9.666666666666666	1.0344827586206897	10.344827586206897
lnc_inter_chr10_8711	7	Abca8a	2	lnc_inter_chr10_8711_DBR7_Abca8a_RBR2	22.166666666666668	42	110096491	110096571	18.142857142857142	0.17988095238095236	0.13630952380952382	80	34	11.6375	3.6090225563909772	151.57894736842104
lnc_inter_chr10_8711	7	Abcb7	3	lnc_inter_chr10_8711_DBR7_Abcb7_RBR3	20	1	104414728	104414748	16	0.2	0.35	20	20	1	1	1
lnc_inter_chr10_8711	7	Abcd2	2	lnc_inter_chr10_8711_DBR7_Abcd2_RBR2	22.428571428571427	7	91192576	91192606	18	0.19714285714285715	0	30	34	5.233333333333333	1.337579617834395	9.363057324840765
lnc_inter_chr10_8711	7	Abcd2	3	lnc_inter_chr10_8711_DBR7_Abcd2_RBR3	24.4375	16	91192692	91192722	19.875	0.1875	0.0506875	30	41	13.033333333333333	1.2276214833759591	19.641943734015346
lnc_inter_chr10_8711	7	Acbd4	2	lnc_inter_chr10_8711_DBR7_Acbd4_RBR2	22	1	103101659	103101681	18	0.18	0.55	22	22	1	1	1
lnc_inter_chr10_8711	7	Acp6	1	lnc_inter_chr10_8711_DBR7_Acp6_RBR1	20.5	2	97157819	97157842	16.5	0.195	0.0975	23	21	1.7826086956521738	1.1219512195121952	2.2439024390243905
lnc_inter_chr10_8711	7	Actb	1	lnc_inter_chr10_8711_DBR7_Actb_RBR1	20.75	8	142906920	142906946	16.75	0.1925	0.40375	26	28	6.384615384615385	1.2530120481927711	10.024096385542169
lnc_inter_chr10_8711	7	Actr8	1	lnc_inter_chr10_8711_DBR7_Actr8_RBR1	20.307692307692307	13	29978249	29978281	16.307692307692307	0.1976923076923077	0.014076923076923077	32	24	8.25	1.575757575757576	20.484848484848488
lnc_inter_chr10_8711	7	Adamts6	2	lnc_inter_chr10_8711_DBR7_Adamts6_RBR2	20	5	104287298	104287324	16.2	0.19	0.02	26	20	3.8461538461538463	1.3	6.5
lnc_inter_chr10_8711	7	Adamts6	3	lnc_inter_chr10_8711_DBR7_Adamts6_RBR3	20.23076923076923	13	104287409	104287458	16.307692307692307	0.19384615384615386	0.026000000000000002	49	21	5.36734693877551	2.4220532319391634	31.486692015209126
lnc_inter_chr10_8711	7	Aebp2	4	lnc_inter_chr10_8711_DBR7_Aebp2_RBR4	22.5	12	140622306	140622333	19	0.15458333333333335	0.3375	27	47	10	1.2	14.399999999999999
lnc_inter_chr10_8711	7	Aen	1	lnc_inter_chr10_8711_DBR7_Aen_RBR1	28.4	65	78895058	78895098	22.923076923076923	0.19246153846153846	0.43984615384615383	40	74	46.15	1.4084507042253522	91.5492957746479
lnc_inter_chr10_8711	7	Agrn	2	lnc_inter_chr10_8711_DBR7_Agrn_RBR2	20	2	156198463	156198484	16	0.2	0	21	20	1.9047619047619047	1.05	2.1
lnc_inter_chr10_8711	7	Agtr1a	1	lnc_inter_chr10_8711_DBR7_Agtr1a_RBR1	21	1	30335769	30335790	17	0.19	0.19	21	21	1	1	1
lnc_inter_chr10_8711	7	Akirin2	1	lnc_inter_chr10_8711_DBR7_Akirin2_RBR1	20.333333333333332	3	34550372	34550395	16.333333333333332	0.19666666666666668	0.016	23	21	2.652173913043478	1.1311475409836067	3.39344262295082
lnc_inter_chr10_8711	7	Anapc15	3	lnc_inter_chr10_8711_DBR7_Anapc15_RBR3	21	13	101881299	101881324	17	0.19	0.08353846153846153	25	47	10.92	1.1904761904761905	15.476190476190476
lnc_inter_chr10_8711	7	Antxr2	1	lnc_inter_chr10_8711_DBR7_Antxr2_RBR1	22.363636363636363	33	98031562	98031594	18.09090909090909	0.19121212121212122	0.06166666666666667	32	49	23.0625	1.4308943089430894	47.21951219512195
lnc_inter_chr10_8711	7	Antxr2	2	lnc_inter_chr10_8711_DBR7_Antxr2_RBR2	23.97222222222222	72	98031920	98031947	20.09722222222222	0.15897222222222224	0.005013888888888889	27	47	63.925925925925924	1.1263035921205098	81.0938586326767
lnc_inter_chr10_8711	7	Anxa7	1	lnc_inter_chr10_8711_DBR7_Anxa7_RBR1	20.05263157894737	19	20480409	20480448	16.05263157894737	0.19947368421052633	0.0025263157894736842	39	21	9.76923076923077	1.9448818897637794	36.95275590551181
lnc_inter_chr10_8711	7	Aox3	1	lnc_inter_chr10_8711_DBR7_Aox3_RBR1	28.67539267015707	191	58112172	58112231	23.42931937172775	0.18387434554973822	0.3080628272251309	59	39	92.83050847457628	2.057513237173635	392.9850283001643
lnc_inter_chr10_8711	7	Arcn1	1	lnc_inter_chr10_8711_DBR7_Arcn1_RBR1	20.318181818181817	22	44767997	44768029	16.318181818181817	0.19681818181818184	0.010272727272727274	32	25	13.96875	1.574944071588367	34.64876957494407
lnc_inter_chr10_8711	7	Arid1b	2	lnc_inter_chr10_8711_DBR7_Arid1b_RBR2	28.536585365853657	164	4994438	4994496	23.536585365853657	0.17615853658536587	0.4424390243902439	58	48	80.6896551724138	2.0324786324786324	333.3264957264957
lnc_inter_chr10_8711	7	Arl8b	1	lnc_inter_chr10_8711_DBR7_Arl8b_RBR1	20.863636363636363	22	108782433	108782461	16.772727272727273	0.19590909090909092	0.03654545454545455	28	47	16.392857142857142	1.3420479302832244	29.525054466230937
lnc_inter_chr10_8711	7	Arl8b	2	lnc_inter_chr10_8711_DBR7_Arl8b_RBR2	25.50980392156863	51	108782871	108782912	20.901960784313726	0.1823529411764706	0.06894117647058824	41	56	31.73170731707317	1.6072252113758647	81.9684857801691
lnc_inter_chr10_8711	7	Arntl	1	lnc_inter_chr10_8711_DBR7_Arntl_RBR1	20	2	113206778	113206809	16	0.2	0.05	31	20	1.2903225806451613	1.55	3.1
lnc_inter_chr10_8711	8	2610507B11Rik	1	lnc_inter_chr10_8711_DBR8_2610507B11Rik_RBR1	20.142857142857142	7	78261008	78261035	16.142857142857142	0.1985714285714286	0.006857142857142858	27	21	5.222222222222222	1.3404255319148937	9.382978723404255
lnc_inter_chr10_8711	8	Abca8a	3	lnc_inter_chr10_8711_DBR8_Abca8a_RBR3	23.36	25	110096740	110096813	20.04	0.1416	0.5084	73	33	8	3.125	78.125
lnc_inter_chr10_8711	8	Abcb7	3	lnc_inter_chr10_8711_DBR8_Abcb7_RBR3	22.3	20	104414683	104414750	18.35	0.17600000000000002	0.4965	67	32	6.656716417910448	3.004484304932735	60.0896860986547
lnc_inter_chr10_8711	8	Abcd2	1	lnc_inter_chr10_8711_DBR8_Abcd2_RBR1	21.571428571428573	14	91192144	91192166	17.571428571428573	0.18428571428571427	0.35428571428571426	22	31	13.727272727272727	1.019867549668874	14.278145695364238
lnc_inter_chr10_8711	8	Acbd4	2	lnc_inter_chr10_8711_DBR8_Acbd4_RBR2	21	1	103101663	103101684	17	0.19	0.48	21	21	1	1	1
lnc_inter_chr10_8711	8	Acp6	1	lnc_inter_chr10_8711_DBR8_Acp6_RBR1	28.013574660633484	221	97157812	97157871	22.968325791855204	0.1799185520361991	0.021461538461538462	59	53	104.9322033898305	2.106121789694718	465.4529155225327
lnc_inter_chr10_8711	8	Acp6	2	lnc_inter_chr10_8711_DBR8_Acp6_RBR2	23.875	40	97158207	97158242	19.275	0.19225	0.0095	35	41	27.285714285714285	1.4659685863874345	58.638743455497384
lnc_inter_chr10_8711	8	Acp6	3	lnc_inter_chr10_8711_DBR8_Acp6_RBR3	20.566666666666666	30	97158510	97158539	16.666666666666668	0.18933333333333335	0.05363333333333334	29	46	21.275862068965516	1.4100486223662885	42.30145867098865
lnc_inter_chr10_8711	8	Actb	1	lnc_inter_chr10_8711_DBR8_Actb_RBR1	20	1	142906863	142906883	16	0.2	0.45	20	20	1	1	1
lnc_inter_chr10_8711	8	Actr8	1	lnc_inter_chr10_8711_DBR8_Actr8_RBR1	20.833333333333332	6	29978251	29978284	16.666666666666668	0.2	0.030000000000000002	33	27	3.787878787878788	1.584	9.504000000000001
lnc_inter_chr10_8711	8	Adamts6	5	lnc_inter_chr10_8711_DBR8_Adamts6_RBR5	26.714285714285715	49	104287755	104287833	22.040816326530614	0.17314285714285715	0.4353061224489796	78	38	16.78205128205128	2.919786096256684	143.06951871657753
lnc_inter_chr10_8711	8	Aebp2	2	lnc_inter_chr10_8711_DBR8_Aebp2_RBR2	20	1	140622038	140622058	16	0.2	0.1	20	20	1	1	1
lnc_inter_chr10_8711	8	Aen	2	lnc_inter_chr10_8711_DBR8_Aen_RBR2	20	2	78895318	78895338	16	0.2	0.05	20	26	2	1	2
lnc_inter_chr10_8711	8	Aen	3	lnc_inter_chr10_8711_DBR8_Aen_RBR3	21.537037037037038	54	78895451	78895485	17.62962962962963	0.1811111111111111	0.03194444444444444	34	45	34.205882352941174	1.578675838349097	85.24849527085124
lnc_inter_chr10_8711	8	Aen	4	lnc_inter_chr10_8711_DBR8_Aen_RBR4	24.9	10	78895504	78895537	20.1	0.191	0	33	40	7.545454545454546	1.3253012048192772	13.253012048192772
lnc_inter_chr10_8711	8	Agtr1a	1	lnc_inter_chr10_8711_DBR8_Agtr1a_RBR1	21	1	30335740	30335761	17	0.19	0.38	21	21	1	1	1
lnc_inter_chr10_8711	8	Anapc15	3	lnc_inter_chr10_8711_DBR8_Anapc15_RBR3	20	1	101881299	101881319	16	0.2	0.1	20	20	1	1	1
lnc_inter_chr10_8711	8	Antxr2	1	lnc_inter_chr10_8711_DBR8_Antxr2_RBR1	20	1	98031568	98031588	16	0.2	0.1	20	20	1	1	1
lnc_inter_chr10_8711	8	Arcn1	2	lnc_inter_chr10_8711_DBR8_Arcn1_RBR2	20	1	44768496	44768516	16	0.2	0.3	20	20	1	1	1
lnc_inter_chr10_8711	8	Arl8b	2	lnc_inter_chr10_8711_DBR8_Arl8b_RBR2	20.2	5	108782879	108782911	16.2	0.198	0.128	32	25	3.15625	1.5841584158415842	7.920792079207921
lnc_inter_chr10_8711	8	Arntl	2	lnc_inter_chr10_8711_DBR8_Arntl_RBR2	20	1	113207002	113207022	16	0.2	0.5	20	20	1	1	1
lnc_inter_chr10_8711	9	Abca8a	3	lnc_inter_chr10_8711_DBR9_Abca8a_RBR3	29.835994194484762	689	110096726	110096807	27.063860667634252	0.09267924528301888	0.40637155297532657	81	50	253.79012345679013	2.7148416597752587	1870.5259035851532
lnc_inter_chr10_8711	9	Abca8a	4	lnc_inter_chr10_8711_DBR9_Abca8a_RBR4	21.181818181818183	11	110096862	110096885	17.181818181818183	0.18818181818181817	0.37636363636363634	23	32	10.130434782608695	1.0858369098712446	11.944206008583691
lnc_inter_chr10_8711	9	Abcb7	3	lnc_inter_chr10_8711_DBR9_Abcb7_RBR3	29.631284916201118	358	104414681	104414757	25.424581005586592	0.1415586592178771	0.42620111731843574	76	56	139.57894736842104	2.564856711915535	918.2187028657617
lnc_inter_chr10_8711	9	Acbd4	1	lnc_inter_chr10_8711_DBR9_Acbd4_RBR1	20	2	103100824	103100844	16	0.2	0	20	20	2	1	2
lnc_inter_chr10_8711	9	Acp6	1	lnc_inter_chr10_8711_DBR9_Acp6_RBR1	20	7	97157825	97157858	16	0.2	0.0642857142857143	33	25	4.242424242424242	1.65	11.549999999999999
lnc_inter_chr10_8711	9	Acp6	3	lnc_inter_chr10_8711_DBR9_Acp6_RBR3	20	1	97158510	97158530	17	0.15	0.1	20	20	1	1	1
lnc_inter_chr10_8711	9	Actb	1	lnc_inter_chr10_8711_DBR9_Actb_RBR1	20.916666666666668	24	142906920	142906946	16.916666666666668	0.19083333333333333	0.40458333333333335	26	52	19.307692307692307	1.2430278884462151	29.832669322709165
lnc_inter_chr10_8711	9	Adamts6	2	lnc_inter_chr10_8711_DBR9_Adamts6_RBR2	21	1	104287298	104287319	17	0.19	0.095	21	21	1	1	1
lnc_inter_chr10_8711	9	Adamts6	3	lnc_inter_chr10_8711_DBR9_Adamts6_RBR3	20	3	104287415	104287453	16.666666666666668	0.16666666666666666	0.13333333333333333	38	20	1.5789473684210527	1.9	5.699999999999999
lnc_inter_chr10_8711	9	Aebp2	4	lnc_inter_chr10_8711_DBR9_Aebp2_RBR4	20	1	140622306	140622326	16	0.2	0.3	20	20	1	1	1
lnc_inter_chr10_8711	9	Aen	3	lnc_inter_chr10_8711_DBR9_Aen_RBR3	20	1	78895456	78895476	16	0.2	0.05	20	20	1	1	1
lnc_inter_chr10_8711	9	Agtr1a	1	lnc_inter_chr10_8711_DBR9_Agtr1a_RBR1	21	1	30335742	30335763	17	0.19	0.38	21	21	1	1	1
lnc_inter_chr10_8711	9	Anapc15	2	lnc_inter_chr10_8711_DBR9_Anapc15_RBR2	21	1	101880911	101880932	17	0.19	0.38	21	21	1	1	1
lnc_inter_chr10_8711	9	Antxr2	1	lnc_inter_chr10_8711_DBR9_Antxr2_RBR1	20	1	98031568	98031588	16	0.2	0.15	20	20	1	1	1
lnc_inter_chr10_8711	9	Arcn1	1	lnc_inter_chr10_8711_DBR9_Arcn1_RBR1	20.11111111111111	9	44768000	44768029	16.11111111111111	0.1988888888888889	0.005333333333333333	29	21	6.241379310344827	1.441988950276243	12.977900552486188
lnc_inter_chr10_8711	9	Arl8b	2	lnc_inter_chr10_8711_DBR9_Arl8b_RBR2	20	1	108782895	108782915	16	0.2	0.25	20	20	1	1	1
lnc_inter_chr10_8711	9	Arntl	1	lnc_inter_chr10_8711_DBR9_Arntl_RBR1	20.153846153846153	13	113206778	113206809	16.23076923076923	0.19461538461538463	0.011230769230769232	31	21	8.451612903225806	1.5381679389312977	19.99618320610687
lnc_inter_chr10_8711	10	Acbd4	2	lnc_inter_chr10_8711_DBR10_Acbd4_RBR2	20	1	103101661	103101681	16	0.2	0.45	20	20	1	1	1
lnc_inter_chr10_8711	10	Acp6	1	lnc_inter_chr10_8711_DBR10_Acp6_RBR1	20	10	97157816	97157852	16.2	0.19	0.015000000000000001	36	20	5.555555555555555	1.8	18
lnc_inter_chr10_8711	10	Actb	1	lnc_inter_chr10_8711_DBR10_Actb_RBR1	21	1	142906915	142906936	17	0.19	0.29	21	21	1	1	1
lnc_inter_chr10_8711	10	Adamts6	5	lnc_inter_chr10_8711_DBR10_Adamts6_RBR5	21	2	104287793	104287824	17	0.19	0.43	31	23	1.3548387096774193	1.4761904761904763	2.9523809523809526
lnc_inter_chr10_8711	10	Aebp2	4	lnc_inter_chr10_8711_DBR10_Aebp2_RBR4	25.612244897959183	49	140622306	140622333	20.959183673469386	0.18316326530612245	0.3126530612244898	27	114	46.48148148148148	1.054183266932271	51.65498007968128
lnc_inter_chr10_8711	10	Aen	1	lnc_inter_chr10_8711_DBR10_Aen_RBR1	21	1	78895068	78895089	17	0.19	0.48	21	21	1	1	1
lnc_inter_chr10_8711	10	Agtr1a	1	lnc_inter_chr10_8711_DBR10_Agtr1a_RBR1	20	2	30335746	30335783	16	0.2	0.25	37	20	1.0810810810810811	1.85	3.7
lnc_inter_chr10_8711	10	Antxr2	2	lnc_inter_chr10_8711_DBR10_Antxr2_RBR2	20.11111111111111	9	98031923	98031947	16.11111111111111	0.1988888888888889	0.005333333333333333	24	21	7.541666666666667	1.1933701657458564	10.740331491712707
lnc_inter_chr10_8711	10	Arl8b	1	lnc_inter_chr10_8711_DBR10_Arl8b_RBR1	20	1	108782439	108782459	16	0.2	0.1	20	20	1	1	1
lnc_inter_chr10_8711	10	Arl8b	2	lnc_inter_chr10_8711_DBR10_Arl8b_RBR2	20	2	108782877	108782902	16	0.2	0.07500000000000001	25	20	1.6	1.25	2.5
lnc_inter_chr10_8711	10	Arntl	1	lnc_inter_chr10_8711_DBR10_Arntl_RBR1	20.2	5	113206778	113206807	16.2	0.198	0.0196	29	21	3.4827586206896552	1.4356435643564356	7.178217821782178
lnc_inter_chr10_8711	11	Acp6	1	lnc_inter_chr10_8711_DBR11_Acp6_RBR1	20	3	97157829	97157856	16	0.2	0.03333333333333333	27	21	2.2222222222222223	1.35	4.050000000000001
lnc_inter_chr10_8711	11	Actb	1	lnc_inter_chr10_8711_DBR11_Actb_RBR1	27.471910112359552	178	142906885	142906936	22.54494382022472	0.1801685393258427	0.03630337078651685	51	56	95.88235294117646	1.856441717791411	330.44662576687114
lnc_inter_chr10_8711	11	Adamts6	2	lnc_inter_chr10_8711_DBR11_Adamts6_RBR2	20	1	104287284	104287304	16	0.2	0.4	20	20	1	1	1
lnc_inter_chr10_8711	11	Adamts6	5	lnc_inter_chr10_8711_DBR11_Adamts6_RBR5	29.461997019374067	671	104287754	104287834	24.283159463487333	0.17627570789865873	0.44847988077496276	80	137	247.1125	2.715362436137387	1822.0081946481866
lnc_inter_chr10_8711	11	Aebp2	2	lnc_inter_chr10_8711_DBR11_Aebp2_RBR2	20.5	4	140622025	140622056	16.5	0.195	0.14500000000000002	31	21	2.6451612903225805	1.5121951219512195	6.048780487804878
lnc_inter_chr10_8711	11	Aebp2	5	lnc_inter_chr10_8711_DBR11_Aebp2_RBR5	20	1	140622602	140622622	16	0.2	0.3	20	20	1	1	1
lnc_inter_chr10_8711	11	Aen	1	lnc_inter_chr10_8711_DBR11_Aen_RBR1	20.5	2	78895068	78895094	16.5	0.195	0.49	26	23	1.5769230769230769	1.2682926829268293	2.5365853658536586
lnc_inter_chr10_8711	11	Agtr1a	1	lnc_inter_chr10_8711_DBR11_Agtr1a_RBR1	20	13	30335767	30335787	16	0.2	0.3	20	48	13	1	13
lnc_inter_chr10_8711	11	Antxr2	2	lnc_inter_chr10_8711_DBR11_Antxr2_RBR2	20.25	4	98031923	98031947	16.25	0.1975	0.012	24	21	3.375	1.1851851851851851	4.7407407407407405
lnc_inter_chr10_8711	12	Actb	1	lnc_inter_chr10_8711_DBR12_Actb_RBR1	20	1	142906886	142906906	16	0.2	0.05	20	20	1	1	1
lnc_inter_chr10_8711	12	Adamts6	1	lnc_inter_chr10_8711_DBR12_Adamts6_RBR1	20	1	104287173	104287193	16	0.2	0.35	20	20	1	1	1
lnc_inter_chr10_8711	12	Adamts6	2	lnc_inter_chr10_8711_DBR12_Adamts6_RBR2	21	2	104287297	104287319	17	0.19	0.14	22	21	1.9090909090909092	1.0476190476190477	2.0952380952380953
lnc_inter_chr10_8711	12	Adamts6	3	lnc_inter_chr10_8711_DBR12_Adamts6_RBR3	20.875	8	104287407	104287451	16.875	0.19125	0.15375	44	22	3.7954545454545454	2.1077844311377247	16.862275449101798
lnc_inter_chr10_8711	12	Aebp2	1	lnc_inter_chr10_8711_DBR12_Aebp2_RBR1	20.5	2	140621983	140622007	16.5	0.195	0.0975	24	21	1.7083333333333333	1.170731707317073	2.341463414634146
lnc_inter_chr10_8711	12	Aebp2	2	lnc_inter_chr10_8711_DBR12_Aebp2_RBR2	28.249201277955272	313	140622014	140622070	23.140575079872203	0.18110223642172524	0.025808306709265177	56	58	157.89285714285714	1.9823569328206287	620.4777199728568
lnc_inter_chr10_8711	12	Aebp2	3	lnc_inter_chr10_8711_DBR12_Aebp2_RBR3	21.5	4	140622230	140622256	17.25	0.1975	0.047	26	36	3.3076923076923075	1.2093023255813953	4.837209302325581
lnc_inter_chr10_8711	12	Aen	3	lnc_inter_chr10_8711_DBR12_Aen_RBR3	20	2	78895457	78895480	16	0.2	0.07500000000000001	23	23	1.7391304347826086	1.15	2.3
lnc_inter_chr10_8711	12	Agtr1a	1	lnc_inter_chr10_8711_DBR12_Agtr1a_RBR1	20	14	30335694	30335746	16	0.2	0.4	52	20	5.384615384615385	2.6	36.4
lnc_inter_chr10_8711	13	Actb	1	lnc_inter_chr10_8711_DBR13_Actb_RBR1	20	2	142906894	142906934	16	0.2	0.175	40	20	1	2	4
lnc_inter_chr10_8711	13	Adamts6	2	lnc_inter_chr10_8711_DBR13_Adamts6_RBR2	20	1	104287287	104287307	16	0.2	0.3	20	20	1	1	1
lnc_inter_chr10_8711	13	Aebp2	2	lnc_inter_chr10_8711_DBR13_Aebp2_RBR2	21.214285714285715	14	140622016	140622065	17.142857142857142	0.19214285714285714	0.09571428571428572	49	29	6.061224489795919	2.3097643097643097	32.33670033670033
lnc_inter_chr10_8711	13	Aen	1	lnc_inter_chr10_8711_DBR13_Aen_RBR1	26.410714285714285	56	78895057	78895100	21.392857142857142	0.18875	0.43107142857142855	43	40	34.395348837209305	1.6281271129141313	91.17511832319136
lnc_inter_chr10_8711	13	Agtr1a	1	lnc_inter_chr10_8711_DBR13_Agtr1a_RBR1	20	1	30335766	30335786	16	0.2	0.3	20	20	1	1	1
lnc_inter_chr10_8711	14	Actb	1	lnc_inter_chr10_8711_DBR14_Actb_RBR1	20.25	4	142906886	142906914	16.5	0.185	0.0495	28	21	2.892857142857143	1.382716049382716	5.530864197530864
lnc_inter_chr10_8711	14	Adamts6	2	lnc_inter_chr10_8711_DBR14_Adamts6_RBR2	24.25	52	104287285	104287324	19.96153846153846	0.17823076923076925	0.03865384615384616	39	55	32.333333333333336	1.6082474226804124	83.62886597938144
lnc_inter_chr10_8711	14	Adamts6	3	lnc_inter_chr10_8711_DBR14_Adamts6_RBR3	26.876237623762375	202	104287407	104287458	21.92079207920792	0.1850990099009901	0.02960891089108911	51	57	106.45098039215686	1.8975870326026893	383.31258058574326
lnc_inter_chr10_8711	14	Adamts6	4	lnc_inter_chr10_8711_DBR14_Adamts6_RBR4	20	1	104287572	104287592	16	0.2	0.1	20	20	1	1	1
lnc_inter_chr10_8711	14	Aebp2	4	lnc_inter_chr10_8711_DBR14_Aebp2_RBR4	20.5	2	140622306	140622327	16.5	0.195	0.44	21	24	1.9523809523809523	1.024390243902439	2.048780487804878
lnc_inter_chr10_8711	14	Agtr1a	1	lnc_inter_chr10_8711_DBR14_Agtr1a_RBR1	28.38362068965517	232	30335741	30335883	23.517241379310345	0.1727586206896552	0.10080603448275863	138	48	47.71739130434783	4.861958997722096	1127.9744874715261
lnc_inter_chr10_8711	15	Actb	1	lnc_inter_chr10_8711_DBR15_Actb_RBR1	21	27	142906919	142906946	16.962962962962962	0.19185185185185186	0.39851851851851855	27	36	21	1.2857142857142858	34.714285714285715
lnc_inter_chr10_8711	15	Adamts6	2	lnc_inter_chr10_8711_DBR15_Adamts6_RBR2	20	1	104287304	104287324	17	0.15	0.1	20	20	1	1	1
lnc_inter_chr10_8711	15	Adamts6	3	lnc_inter_chr10_8711_DBR15_Adamts6_RBR3	21.9375	16	104287408	104287458	17.6875	0.19312500000000002	0.111875	50	30	7.02	2.2792022792022792	36.46723646723647
lnc_inter_chr10_8711	15	Aebp2	2	lnc_inter_chr10_8711_DBR15_Aebp2_RBR2	20.142857142857142	14	140622017	140622070	16.5	0.18071428571428572	0.03185714285714286	53	21	5.320754716981132	2.631205673758865	36.836879432624116
lnc_inter_chr10_8711	15	Agtr1a	1	lnc_inter_chr10_8711_DBR15_Agtr1a_RBR1	20	1	30335738	30335758	16	0.2	0.25	20	20	1	1	1
lnc_inter_chr10_8711	16	Adamts6	5	lnc_inter_chr10_8711_DBR16_Adamts6_RBR5	21	1	104287809	104287830	17	0.19	0.48	21	21	1	1	1
lnc_inter_chr10_8711	16	Aebp2	4	lnc_inter_chr10_8711_DBR16_Aebp2_RBR4	24.70967741935484	31	140622306	140622333	20.741935483870968	0.16080645161290322	0.31903225806451613	27	46	28.37037037037037	1.0926892950391645	33.8733681462141
lnc_inter_chr10_8711	16	Agtr1a	1	lnc_inter_chr10_8711_DBR16_Agtr1a_RBR1	20.035714285714285	28	30335765	30335878	16.035714285714285	0.19964285714285715	0.27999999999999997	82	42	6.841463414634147	4.092691622103387	114.59536541889483
lnc_inter_chr10_8711	17	Adamts6	2	lnc_inter_chr10_8711_DBR17_Adamts6_RBR2	23	1	104287283	104287306	19	0.17	0.35	23	23	1	1	1
lnc_inter_chr10_8711	17	Aebp2	2	lnc_inter_chr10_8711_DBR17_Aebp2_RBR2	20.333333333333332	3	140622047	140622070	16.333333333333332	0.19666666666666668	0.016	23	21	2.652173913043478	1.1311475409836067	3.39344262295082
lnc_inter_chr10_8711	18	Adamts6	5	lnc_inter_chr10_8711_DBR18_Adamts6_RBR5	21.4	15	104287754	104287827	17.266666666666666	0.19266666666666668	0.4986666666666667	72	25	4.458333333333333	3.3644859813084116	50.46728971962617
lnc_inter_chr10_8711	19	Adamts6	2	lnc_inter_chr10_8711_DBR19_Adamts6_RBR2	22.5	2	104287296	104287321	18.5	0.175	0.065	25	25	1.8	1.1111111111111112	2.2222222222222223
lnc_inter_chr10_8711	19	Adamts6	3	lnc_inter_chr10_8711_DBR19_Adamts6_RBR3	20.166666666666668	6	104287412	104287458	17	0.15666666666666668	0.07466666666666667	46	21	2.630434782608696	2.28099173553719	13.68595041322314
lnc_inter_chr10_8711	20	Adamts6	5	lnc_inter_chr10_8711_DBR20_Adamts6_RBR5	29.153225806451612	248	104287752	104287834	24.213709677419356	0.16949193548387098	0.43879032258064515	82	55	88.17073170731707	2.812724757952974	697.5557399723375
lnc_inter_chr10_8711	21	Adamts6	2	lnc_inter_chr10_8711_DBR21_Adamts6_RBR2	20.666666666666668	3	104287300	104287324	16.666666666666668	0.19333333333333333	0.081	24	28	2.5833333333333335	1.161290322580645	3.483870967741935
lnc_inter_chr10_8711	21	Adamts6	3	lnc_inter_chr10_8711_DBR21_Adamts6_RBR3	20.5	2	104287407	104287445	16.5	0.195	0.07250000000000001	38	21	1.0789473684210527	1.853658536585366	3.707317073170732
