lnc	DBR	gname	RBR	RBR_DBR_ID	RBR_DBR_avg_len	RBR_DBR_TFO_count	RBR_DBR_start	RBR_DBR_end	RBR_DBR_score	RBR_DBR_error_rate	RBR_DBR_gc_error	RBR_DBR_RBRspan	RBR_DBR_DBRspan	RBR_DBR_TFO_avg_overlap	RBR_DBR_TFO_adj1	RBR_DBR_TFO_adj2
lnc_inter_chr10_9222	1	0610010F05Rik	1	lnc_inter_chr10_9222_DBR1_0610010F05Rik_RBR1	20	1	23634407	23634427	16	0.2	0.05	20	20	1	1	1
lnc_inter_chr10_9222	1	0610010F05Rik	2	lnc_inter_chr10_9222_DBR1_0610010F05Rik_RBR2	20	18	23634445	23634469	16	0.2	0	24	28	15	1.2	21.599999999999998
lnc_inter_chr10_9222	1	1110004F10Rik	2	lnc_inter_chr10_9222_DBR1_1110004F10Rik_RBR2	21.88888888888889	18	116092758	116092783	17.77777777777778	0.18666666666666668	0.0044444444444444444	25	31	15.76	1.1421319796954315	20.558375634517766
lnc_inter_chr10_9222	1	1600014C10Rik	1	lnc_inter_chr10_9222_DBR1_1600014C10Rik_RBR1	20	1	38182925	38182945	16	0.2	0.15	20	20	1	1	1
lnc_inter_chr10_9222	1	2510039O18Rik	2	lnc_inter_chr10_9222_DBR1_2510039O18Rik_RBR2	26	1	147940480	147940506	21	0.19	0.54	26	26	1	1	1
lnc_inter_chr10_9222	1	2610507B11Rik	1	lnc_inter_chr10_9222_DBR1_2610507B11Rik_RBR1	27.71875	64	78261008	78261046	23.859375	0.140703125	0.011015625000000001	38	42	46.68421052631579	1.370913190529876	87.73844419391206
lnc_inter_chr10_9222	1	2610507B11Rik	2	lnc_inter_chr10_9222_DBR1_2610507B11Rik_RBR2	23	11	78261188	78261215	18.545454545454547	0.19363636363636363	0.0033636363636363634	27	30	9.37037037037037	1.173913043478261	12.913043478260871
lnc_inter_chr10_9222	1	2810004N23Rik	1	lnc_inter_chr10_9222_DBR1_2810004N23Rik_RBR1	20	1	124863516	124863536	16	0.2	0.55	20	20	1	1	1
lnc_inter_chr10_9222	1	2810004N23Rik	2	lnc_inter_chr10_9222_DBR1_2810004N23Rik_RBR2	22	1	124863649	124863671	18	0.18	0.55	22	22	1	1	1
lnc_inter_chr10_9222	1	2900026A02Rik	1	lnc_inter_chr10_9222_DBR1_2900026A02Rik_RBR1	22.08695652173913	23	113221559	113221587	17.91304347826087	0.18782608695652175	0	28	30	18.142857142857142	1.267716535433071	29.157480314960633
lnc_inter_chr10_9222	1	2900026A02Rik	2	lnc_inter_chr10_9222_DBR1_2900026A02Rik_RBR2	21.833333333333332	18	113222250	113222275	17.833333333333332	0.18166666666666667	0	25	34	15.72	1.1450381679389314	20.610687022900766
lnc_inter_chr10_9222	1	A430005L14Rik	1	lnc_inter_chr10_9222_DBR1_A430005L14Rik_RBR1	20	1	153956597	153956617	16	0.2	0.5	20	20	1	1	1
lnc_inter_chr10_9222	1	AI987944	1	lnc_inter_chr10_9222_DBR1_AI987944_RBR1	27.63063063063063	111	41394077	41394233	22.18918918918919	0.19603603603603603	0.5380180180180181	156	39	19.66025641025641	5.645908053472449	626.6957939354419
lnc_inter_chr10_9222	1	Aaas	1	lnc_inter_chr10_9222_DBR1_Aaas_RBR1	20	9	102351549	102351569	16	0.2	0	20	28	9	1	9
lnc_inter_chr10_9222	1	Aarsd1	1	lnc_inter_chr10_9222_DBR1_Aarsd1_RBR1	24.923076923076923	26	101418072	101418107	20.384615384615383	0.18153846153846154	0	35	35	18.514285714285716	1.404320987654321	36.51234567901235
lnc_inter_chr10_9222	1	Aatk	1	lnc_inter_chr10_9222_DBR1_Aatk_RBR1	20.5	2	120047193	120047215	16.5	0.195	0.805	22	22	1.8636363636363635	1.0731707317073171	2.1463414634146343
lnc_inter_chr10_9222	1	Abca8a	1	lnc_inter_chr10_9222_DBR1_Abca8a_RBR1	24.848484848484848	33	110096243	110096281	20.21212121212121	0.18575757575757576	0	38	30	21.57894736842105	1.5292682926829269	50.46585365853659
lnc_inter_chr10_9222	1	Abca8a	2	lnc_inter_chr10_9222_DBR1_Abca8a_RBR2	20	1	110096493	110096513	16	0.2	0.05	20	20	1	1	1
lnc_inter_chr10_9222	1	Abcd2	1	lnc_inter_chr10_9222_DBR1_Abcd2_RBR1	22.476190476190474	21	91192576	91192606	18.047619047619047	0.19666666666666668	0	30	28	15.733333333333333	1.3347457627118644	28.029661016949152
lnc_inter_chr10_9222	1	Abcd2	2	lnc_inter_chr10_9222_DBR1_Abcd2_RBR2	24.714285714285715	14	91192692	91192722	20.214285714285715	0.18214285714285716	0.004785714285714286	30	36	11.533333333333333	1.2138728323699421	16.99421965317919
lnc_inter_chr10_9222	1	Abcg2	1	lnc_inter_chr10_9222_DBR1_Abcg2_RBR1	22	1	58584644	58584666	18	0.18	0.5	22	22	1	1	1
lnc_inter_chr10_9222	1	Acaa2	1	lnc_inter_chr10_9222_DBR1_Acaa2_RBR1	20	1	74778712	74778732	16	0.2	0.5	20	20	1	1	1
lnc_inter_chr10_9222	1	Acaa2	2	lnc_inter_chr10_9222_DBR1_Acaa2_RBR2	20	1	74779130	74779150	16	0.2	0.55	20	20	1	1	1
lnc_inter_chr10_9222	1	Acbd3	1	lnc_inter_chr10_9222_DBR1_Acbd3_RBR1	20.8	10	180725274	180725299	16.7	0.197	0.0133	25	31	8.32	1.2019230769230769	12.019230769230768
lnc_inter_chr10_9222	1	Acbd4	2	lnc_inter_chr10_9222_DBR1_Acbd4_RBR2	20	1	103101659	103101679	16	0.2	0.6	20	20	1	1	1
lnc_inter_chr10_9222	1	Acp6	1	lnc_inter_chr10_9222_DBR1_Acp6_RBR1	27.577319587628867	97	97157812	97157865	23.11340206185567	0.1633814432989691	0.0059587628865979386	53	42	50.471698113207545	1.9218691588785046	186.42130841121494
lnc_inter_chr10_9222	1	Acp6	2	lnc_inter_chr10_9222_DBR1_Acp6_RBR2	26.63888888888889	36	97158208	97158245	21.833333333333332	0.17944444444444446	0.0019166666666666666	37	36	25.91891891891892	1.388946819603754	50.002085505735145
lnc_inter_chr10_9222	1	Acp6	3	lnc_inter_chr10_9222_DBR1_Acp6_RBR3	22.928571428571427	14	97158515	97158539	19	0.17285714285714288	0.012142857142857143	24	37	13.375	1.046728971962617	14.654205607476637
lnc_inter_chr10_9222	1	Acss3	1	lnc_inter_chr10_9222_DBR1_Acss3_RBR1	20	1	107124135	107124155	16	0.2	0.55	20	20	1	1	1
lnc_inter_chr10_9222	1	Actb	1	lnc_inter_chr10_9222_DBR1_Actb_RBR1	28.923076923076923	65	142906886	142906928	24.215384615384615	0.1628153846153846	0.009384615384615385	42	42	44.76190476190476	1.452127659574468	94.38829787234043
lnc_inter_chr10_9222	1	Actn4	1	lnc_inter_chr10_9222_DBR1_Actn4_RBR1	20.714285714285715	14	28963095	28963116	17.428571428571427	0.15714285714285714	0.010357142857142858	21	37	13.80952380952381	1.013793103448276	14.193103448275863
lnc_inter_chr10_9222	1	Actr10	1	lnc_inter_chr10_9222_DBR1_Actr10_RBR1	21	9	70937449	70937475	17.77777777777778	0.15333333333333335	0.8466666666666667	26	22	7.269230769230769	1.2380952380952381	11.142857142857142
lnc_inter_chr10_9222	1	Actr1a	1	lnc_inter_chr10_9222_DBR1_Actr1a_RBR1	22.4	15	46396290	46396325	18.333333333333332	0.18266666666666667	0.008666666666666666	35	31	9.6	1.5625	23.4375
lnc_inter_chr10_9222	1	Actr2	2	lnc_inter_chr10_9222_DBR1_Actr2_RBR2	20	1	20113187	20113207	16	0.2	0.55	20	20	1	1	1
lnc_inter_chr10_9222	1	Actr5	1	lnc_inter_chr10_9222_DBR1_Actr5_RBR1	21.23076923076923	13	158624242	158624267	17.23076923076923	0.18769230769230769	0.007692307692307693	25	33	11.04	1.177536231884058	15.307971014492756
lnc_inter_chr10_9222	1	Actr5	2	lnc_inter_chr10_9222_DBR1_Actr5_RBR2	21.75	4	158624420	158624449	17.5	0.195	0.07025	29	29	3	1.3333333333333333	5.333333333333333
lnc_inter_chr10_9222	1	Actr8	1	lnc_inter_chr10_9222_DBR1_Actr8_RBR1	28.705882352941178	136	29978228	29978290	24.301470588235293	0.1539485294117647	0.0029338235294117648	62	42	62.96774193548387	2.1598360655737703	293.73770491803276
lnc_inter_chr10_9222	1	Acvr1	1	lnc_inter_chr10_9222_DBR1_Acvr1_RBR1	20.6	5	58567213	58567245	16.6	0.194	0.554	32	38	3.21875	1.5533980582524272	7.766990291262136
lnc_inter_chr10_9222	1	Adamts6	4	lnc_inter_chr10_9222_DBR1_Adamts6_RBR4	20	1	104287773	104287793	16	0.2	0.5	20	20	1	1	1
lnc_inter_chr10_9222	1	Adcy6	1	lnc_inter_chr10_9222_DBR1_Adcy6_RBR1	21.5	6	98608463	98608489	17.666666666666668	0.17666666666666667	0.7816666666666667	26	26	4.961538461538462	1.2093023255813953	7.255813953488372
lnc_inter_chr10_9222	1	Adh5	1	lnc_inter_chr10_9222_DBR1_Adh5_RBR1	23.235294117647058	17	138436887	138436915	18.823529411764707	0.19	0	28	28	14.107142857142858	1.2050632911392405	20.486075949367088
lnc_inter_chr10_9222	1	Adh5	2	lnc_inter_chr10_9222_DBR1_Adh5_RBR2	23.36	50	138436952	138436995	18.86	0.1926	0	43	30	27.162790697674417	1.8407534246575343	92.03767123287672
lnc_inter_chr10_9222	1	Aebp2	1	lnc_inter_chr10_9222_DBR1_Aebp2_RBR1	29.02127659574468	141	140622014	140622070	24.319148936170212	0.1614822695035461	0.011872340425531916	56	42	73.07142857142857	1.9296187683284458	272.07624633431084
lnc_inter_chr10_9222	1	Aebp2	2	lnc_inter_chr10_9222_DBR1_Aebp2_RBR2	20.22222222222222	9	140622235	140622257	16.22222222222222	0.19777777777777777	0.005	22	30	8.272727272727273	1.087912087912088	9.791208791208792
lnc_inter_chr10_9222	1	Aen	1	lnc_inter_chr10_9222_DBR1_Aen_RBR1	20.666666666666668	3	78895318	78895340	17	0.17666666666666667	0.04833333333333333	22	23	2.8181818181818183	1.064516129032258	3.193548387096774
lnc_inter_chr10_9222	1	Aen	2	lnc_inter_chr10_9222_DBR1_Aen_RBR2	24.027027027027028	37	78895451	78895487	19.64864864864865	0.18135135135135136	0.022054054054054056	36	42	24.694444444444443	1.498312710911136	55.437570303712036
lnc_inter_chr10_9222	1	Aen	3	lnc_inter_chr10_9222_DBR1_Aen_RBR3	25.96	25	78895504	78895537	21.24	0.1796	0	33	35	19.666666666666668	1.271186440677966	31.779661016949152
lnc_inter_chr10_9222	1	Afg3l1	1	lnc_inter_chr10_9222_DBR1_Afg3l1_RBR1	25.666666666666668	3	123476951	123476983	20.666666666666668	0.19333333333333333	0.5066666666666667	32	44	2.40625	1.2467532467532467	3.74025974025974
lnc_inter_chr10_9222	1	Afg3l2	1	lnc_inter_chr10_9222_DBR1_Afg3l2_RBR1	22.142857142857142	14	67449649	67449675	18.214285714285715	0.1757142857142857	0.0085	26	31	11.923076923076923	1.1741935483870969	16.438709677419357
lnc_inter_chr10_9222	1	Aggf1	1	lnc_inter_chr10_9222_DBR1_Aggf1_RBR1	24.166666666666668	18	95375843	95375871	20	0.17277777777777778	0.0025	28	33	15.535714285714286	1.1586206896551723	20.855172413793102
lnc_inter_chr10_9222	1	Ago1	1	lnc_inter_chr10_9222_DBR1_Ago1_RBR1	20.818181818181817	11	126469324	126469345	17.90909090909091	0.13772727272727273	0.00890909090909091	21	31	10.904761904761905	1.0087336244541485	11.096069868995633
lnc_inter_chr10_9222	1	Agrn	1	lnc_inter_chr10_9222_DBR1_Agrn_RBR1	22.916666666666668	12	156198357	156198383	18.5	0.19166666666666668	0	26	30	10.576923076923077	1.1345454545454545	13.614545454545453
lnc_inter_chr10_9222	1	Agrn	3	lnc_inter_chr10_9222_DBR1_Agrn_RBR3	22.708333333333332	24	156198463	156198487	20.25	0.10966666666666666	0	24	40	22.708333333333332	1.0568807339449542	25.3651376146789
lnc_inter_chr10_9222	1	Agtr1a	2	lnc_inter_chr10_9222_DBR1_Agtr1a_RBR2	20	1	30335771	30335791	16	0.2	0.1	20	20	1	1	1
lnc_inter_chr10_9222	1	Agtr1a	3	lnc_inter_chr10_9222_DBR1_Agtr1a_RBR3	25.22222222222222	45	30335816	30335878	20.377777777777776	0.19244444444444445	0.012666666666666668	62	31	18.306451612903224	2.458149779735683	110.61674008810573
lnc_inter_chr10_9222	1	Ahcyl2	1	lnc_inter_chr10_9222_DBR1_Ahcyl2_RBR1	20.8	10	29767470	29767491	16.8	0.192	0	21	28	9.904761904761905	1.0096153846153846	10.096153846153847
lnc_inter_chr10_9222	1	Ahsa1	2	lnc_inter_chr10_9222_DBR1_Ahsa1_RBR2	22.5	2	87266231	87266260	18.5	0.18	0.44	29	29	1.5517241379310345	1.288888888888889	2.577777777777778
lnc_inter_chr10_9222	1	Aig1	1	lnc_inter_chr10_9222_DBR1_Aig1_RBR1	21.25	8	13869047	13869074	17.625	0.17	0.8125	27	25	6.296296296296297	1.2705882352941176	10.16470588235294
lnc_inter_chr10_9222	1	Aimp1	1	lnc_inter_chr10_9222_DBR1_Aimp1_RBR1	20.333333333333332	3	132684638	132684664	16.333333333333332	0.19666666666666668	0.46	26	27	2.3461538461538463	1.278688524590164	3.836065573770492
lnc_inter_chr10_9222	1	Akap13	1	lnc_inter_chr10_9222_DBR1_Akap13_RBR1	20.5	2	75454876	75454897	16.5	0.195	0.78	21	22	1.9523809523809523	1.024390243902439	2.048780487804878
lnc_inter_chr10_9222	1	Akap9	1	lnc_inter_chr10_9222_DBR1_Akap9_RBR1	20	1	3927308	3927328	17	0.15	0.55	20	20	1	1	1
lnc_inter_chr10_9222	1	Akap9	2	lnc_inter_chr10_9222_DBR1_Akap9_RBR2	20	1	3927652	3927672	16	0.2	0.55	20	20	1	1	1
lnc_inter_chr10_9222	1	Akirin2	1	lnc_inter_chr10_9222_DBR1_Akirin2_RBR1	22.6	25	34550371	34550395	20.56	0.09044	0.00508	24	40	23.541666666666668	1.0619469026548671	26.54867256637168
lnc_inter_chr10_9222	1	Alg6	1	lnc_inter_chr10_9222_DBR1_Alg6_RBR1	22.88	25	99715046	99715070	21.16	0.07648	0	24	40	23.833333333333332	1.048951048951049	26.223776223776223
lnc_inter_chr10_9222	1	Alkbh8	1	lnc_inter_chr10_9222_DBR1_Alkbh8_RBR1	20	1	3334392	3334412	16	0.2	0.55	20	20	1	1	1
lnc_inter_chr10_9222	1	Alyref	1	lnc_inter_chr10_9222_DBR1_Alyref_RBR1	24.4375	32	120598906	120598938	19.96875	0.18281250000000002	0	32	35	24.4375	1.3094629156010231	41.90281329923274
lnc_inter_chr10_9222	1	Amigo2	1	lnc_inter_chr10_9222_DBR1_Amigo2_RBR1	20	1	97247353	97247373	16	0.2	0.65	20	20	1	1	1
lnc_inter_chr10_9222	1	Anapc1	1	lnc_inter_chr10_9222_DBR1_Anapc1_RBR1	25.705882352941178	34	128687749	128687785	22.61764705882353	0.12161764705882352	0.011794117647058825	36	42	24.27777777777778	1.40045766590389	47.61556064073226
lnc_inter_chr10_9222	1	Anapc15	1	lnc_inter_chr10_9222_DBR1_Anapc15_RBR1	20	1	101880848	101880868	16	0.2	0.5	20	20	1	1	1
lnc_inter_chr10_9222	1	Anapc16	1	lnc_inter_chr10_9222_DBR1_Anapc16_RBR1	21	1	60003201	60003222	17	0.19	0.81	21	21	1	1	1
lnc_inter_chr10_9222	1	Ank2	1	lnc_inter_chr10_9222_DBR1_Ank2_RBR1	20	9	127499998	127500018	16	0.2	0	20	28	9	1	9
lnc_inter_chr10_9222	1	Ankrd11	1	lnc_inter_chr10_9222_DBR1_Ankrd11_RBR1	22.272727272727273	11	123042977	123043004	17.90909090909091	0.19545454545454546	0.008	27	29	9.074074074074074	1.2122448979591836	13.334693877551018
lnc_inter_chr10_9222	1	Ankrd27	1	lnc_inter_chr10_9222_DBR1_Ankrd27_RBR1	20.8	5	35585633	35585670	17	0.184	0.796	37	24	2.810810810810811	1.7788461538461537	8.894230769230768
lnc_inter_chr10_9222	1	Ankrd54	2	lnc_inter_chr10_9222_DBR1_Ankrd54_RBR2	27.96153846153846	52	79063290	79063323	25.23076923076923	0.09948076923076923	0	33	42	44.06060606060606	1.1801925722145805	61.37001375515818
lnc_inter_chr10_9222	1	Anp32b	1	lnc_inter_chr10_9222_DBR1_Anp32b_RBR1	20	1	46450776	46450796	17	0.15	0.85	20	20	1	1	1
lnc_inter_chr10_9222	1	Antxr2	1	lnc_inter_chr10_9222_DBR1_Antxr2_RBR1	22.785714285714285	28	98031563	98031597	18.5	0.18678571428571428	0.02117857142857143	34	35	18.764705882352942	1.4921630094043887	41.78056426332289
lnc_inter_chr10_9222	1	Antxr2	2	lnc_inter_chr10_9222_DBR1_Antxr2_RBR2	23.307692307692307	26	98031920	98031947	20.884615384615383	0.10392307692307692	0.004269230769230769	27	40	22.444444444444443	1.1584158415841586	30.118811881188122
lnc_inter_chr10_9222	1	Anxa5	2	lnc_inter_chr10_9222_DBR1_Anxa5_RBR2	21	1	36476487	36476508	17	0.19	0.38	21	21	1	1	1
lnc_inter_chr10_9222	1	Anxa7	1	lnc_inter_chr10_9222_DBR1_Anxa7_RBR1	29	107	20480400	20480448	26.16822429906542	0.09939252336448598	0.00780373831775701	48	42	64.64583333333333	1.6551724137931034	177.10344827586206
lnc_inter_chr10_9222	1	Aox3	1	lnc_inter_chr10_9222_DBR1_Aox3_RBR1	22.5	20	58112548	58112575	18.3	0.1865	0	27	30	16.666666666666668	1.2	24
lnc_inter_chr10_9222	1	Ap1g1	1	lnc_inter_chr10_9222_DBR1_Ap1g1_RBR1	27.28205128205128	39	109778252	109778291	24.435897435897434	0.10602564102564103	0.009384615384615385	39	42	27.28205128205128	1.4295112781954888	55.75093984962407
lnc_inter_chr10_9222	1	Ap2m1	2	lnc_inter_chr10_9222_DBR1_Ap2m1_RBR2	21.53846153846154	13	20535062	20535084	18.46153846153846	0.14461538461538462	0.003461538461538461	22	35	12.727272727272727	1.0214285714285714	13.278571428571428
lnc_inter_chr10_9222	1	Apeh	1	lnc_inter_chr10_9222_DBR1_Apeh_RBR1	21.5	2	108094921	108094949	17.5	0.185	0.79	28	23	1.5357142857142858	1.302325581395349	2.604651162790698
lnc_inter_chr10_9222	1	Aplp2	1	lnc_inter_chr10_9222_DBR1_Aplp2_RBR1	20	1	31212458	31212478	16	0.2	0.55	20	20	1	1	1
lnc_inter_chr10_9222	1	Apopt1	1	lnc_inter_chr10_9222_DBR1_Apopt1_RBR1	20	1	111712857	111712877	16	0.2	0.65	20	20	1	1	1
lnc_inter_chr10_9222	1	Aqr	1	lnc_inter_chr10_9222_DBR1_Aqr_RBR1	20	9	114176043	114176063	16	0.2	0	20	28	9	1	9
lnc_inter_chr10_9222	1	Ar	1	lnc_inter_chr10_9222_DBR1_Ar_RBR1	20	1	98148288	98148308	16	0.2	0.45	20	20	1	1	1
lnc_inter_chr10_9222	1	Ar	2	lnc_inter_chr10_9222_DBR1_Ar_RBR2	26	1	98148633	98148659	21	0.19	0.54	26	26	1	1	1
lnc_inter_chr10_9222	1	Arap2	1	lnc_inter_chr10_9222_DBR1_Arap2_RBR1	20	3	62766880	62766906	16	0.2	0.1	26	20	2.3076923076923075	1.3	3.9000000000000004
lnc_inter_chr10_9222	1	Arcn1	1	lnc_inter_chr10_9222_DBR1_Arcn1_RBR1	27.84313725490196	51	44767992	44768029	24.392156862745097	0.12686274509803921	0.00915686274509804	37	42	38.37837837837838	1.3288732394366196	67.7725352112676
lnc_inter_chr10_9222	1	Arel1	1	lnc_inter_chr10_9222_DBR1_Arel1_RBR1	24.84	25	84971757	84971789	20.36	0.1804	0.00396	32	33	19.40625	1.288244766505636	32.2061191626409
lnc_inter_chr10_9222	1	Arhgap44	1	lnc_inter_chr10_9222_DBR1_Arhgap44_RBR1	20	10	65163724	65163744	16	0.2	0	20	30	10	1	10
lnc_inter_chr10_9222	1	Arhgef19	2	lnc_inter_chr10_9222_DBR1_Arhgef19_RBR2	20	1	141242831	141242851	16	0.2	0.6	20	20	1	1	1
lnc_inter_chr10_9222	1	Arid1b	1	lnc_inter_chr10_9222_DBR1_Arid1b_RBR1	20	1	4994599	4994619	16	0.2	0.8	20	20	1	1	1
lnc_inter_chr10_9222	1	Arid2	1	lnc_inter_chr10_9222_DBR1_Arid2_RBR1	22	2	96287471	96287496	18	0.18	0.59	25	25	1.76	1.1363636363636365	2.272727272727273
lnc_inter_chr10_9222	1	Arid4b	1	lnc_inter_chr10_9222_DBR1_Arid4b_RBR1	30	2	14063737	14063768	24	0.2	0.6	31	31	1.935483870967742	1.0333333333333334	2.066666666666667
lnc_inter_chr10_9222	1	Arl13b	1	lnc_inter_chr10_9222_DBR1_Arl13b_RBR1	24	30	62847372	62847406	19.433333333333334	0.19	0	34	30	21.176470588235293	1.4166666666666667	42.5
lnc_inter_chr10_9222	1	Arl5a	1	lnc_inter_chr10_9222_DBR1_Arl5a_RBR1	25.81081081081081	37	52425212	52425244	22.56756756756757	0.12883783783783784	0.0036756756756756758	32	42	29.84375	1.2397905759162304	45.87225130890052
lnc_inter_chr10_9222	1	Arl5a	3	lnc_inter_chr10_9222_DBR1_Arl5a_RBR3	21	2	52425833	52425857	17	0.19	0.12000000000000001	24	24	1.75	1.1428571428571428	2.2857142857142856
lnc_inter_chr10_9222	1	Arl6ip1	1	lnc_inter_chr10_9222_DBR1_Arl6ip1_RBR1	20	1	118130508	118130528	16	0.2	0.8	20	20	1	1	1
lnc_inter_chr10_9222	1	Arl8b	1	lnc_inter_chr10_9222_DBR1_Arl8b_RBR1	22.470588235294116	17	108782433	108782457	18.764705882352942	0.16470588235294117	0.007529411764705882	24	39	15.916666666666666	1.068062827225131	18.157068062827225
lnc_inter_chr10_9222	1	Arl8b	2	lnc_inter_chr10_9222_DBR1_Arl8b_RBR2	26.583333333333332	24	108782875	108782911	22	0.17333333333333334	0.025875000000000002	36	37	17.72222222222222	1.35423197492163	32.50156739811912
lnc_inter_chr10_9222	1	Arntl	1	lnc_inter_chr10_9222_DBR1_Arntl_RBR1	25.5	36	113206778	113206813	22	0.13922222222222222	0.006472222222222223	35	42	26.228571428571428	1.3725490196078431	49.411764705882355
lnc_inter_chr10_9222	1	Arpc2	1	lnc_inter_chr10_9222_DBR1_Arpc2_RBR1	27.40277777777778	72	74235844	74235895	22.708333333333332	0.17225000000000001	0	51	40	38.68627450980392	1.8611251900658894	134.00101368474404
lnc_inter_chr10_9222	1	Arrdc2	1	lnc_inter_chr10_9222_DBR1_Arrdc2_RBR1	21.692307692307693	13	70840148	70840175	17.53846153846154	0.19076923076923077	0.013846153846153847	27	36	10.444444444444445	1.2446808510638296	16.180851063829785
lnc_inter_chr10_9222	1	Arsa	1	lnc_inter_chr10_9222_DBR1_Arsa_RBR1	22.083333333333332	12	89477508	89477533	18.25	0.17083333333333334	0	25	30	10.6	1.1320754716981132	13.584905660377359
lnc_inter_chr10_9222	1	Arsb	1	lnc_inter_chr10_9222_DBR1_Arsb_RBR1	23.8	30	93770858	93770890	20.2	0.14886666666666667	0	32	42	22.3125	1.3445378151260503	40.33613445378151
lnc_inter_chr10_9222	1	Arsg	1	lnc_inter_chr10_9222_DBR1_Arsg_RBR1	20	10	109472864	109472884	16	0.2	0	20	30	10	1	10
lnc_inter_chr10_9222	1	As3mt	1	lnc_inter_chr10_9222_DBR1_As3mt_RBR1	21.7	10	46706572	46706594	17.7	0.183	0	22	31	9.863636363636363	1.0138248847926268	10.138248847926267
lnc_inter_chr10_9222	2	1110004F10Rik	3	lnc_inter_chr10_9222_DBR2_1110004F10Rik_RBR3	20	1	116092836	116092856	16	0.2	0.35	20	20	1	1	1
lnc_inter_chr10_9222	2	2510039O18Rik	1	lnc_inter_chr10_9222_DBR2_2510039O18Rik_RBR1	20.42105263157895	19	147939972	147939998	16.42105263157895	0.19578947368421054	0	26	28	14.923076923076923	1.2731958762886597	24.190721649484534
lnc_inter_chr10_9222	2	2610507B11Rik	1	lnc_inter_chr10_9222_DBR2_2610507B11Rik_RBR1	20	24	78261008	78261039	16.333333333333332	0.18333333333333335	0	31	25	15.483870967741936	1.55	37.2
lnc_inter_chr10_9222	2	A430005L14Rik	2	lnc_inter_chr10_9222_DBR2_A430005L14Rik_RBR2	21	1	153956628	153956649	17	0.19	0.38	21	21	1	1	1
lnc_inter_chr10_9222	2	A430005L14Rik	3	lnc_inter_chr10_9222_DBR2_A430005L14Rik_RBR3	20	1	153956657	153956677	16	0.2	0.4	20	20	1	1	1
lnc_inter_chr10_9222	2	AI987944	1	lnc_inter_chr10_9222_DBR2_AI987944_RBR1	20.59259259259259	54	41394104	41394232	16.574074074074073	0.195	0.5064814814814815	127	34	8.755905511811024	6.16726618705036	333.03237410071944
lnc_inter_chr10_9222	2	Abcg2	2	lnc_inter_chr10_9222_DBR2_Abcg2_RBR2	20	1	58584688	58584708	16	0.2	0.25	20	20	1	1	1
lnc_inter_chr10_9222	2	Acbd4	1	lnc_inter_chr10_9222_DBR2_Acbd4_RBR1	21.789473684210527	19	103100822	103100846	18.894736842105264	0.13294736842105262	0.004421052631578948	24	40	17.25	1.1014492753623188	20.92753623188406
lnc_inter_chr10_9222	2	Acp6	1	lnc_inter_chr10_9222_DBR2_Acp6_RBR1	20.857142857142858	14	97157816	97157863	16.714285714285715	0.1985714285714286	0.015357142857142857	47	30	6.212765957446808	2.2534246575342465	31.54794520547945
lnc_inter_chr10_9222	2	Acp6	2	lnc_inter_chr10_9222_DBR2_Acp6_RBR2	21	1	97158207	97158228	17	0.19	0.095	21	21	1	1	1
lnc_inter_chr10_9222	2	Acp6	3	lnc_inter_chr10_9222_DBR2_Acp6_RBR3	20.333333333333332	3	97158510	97158534	16.333333333333332	0.19666666666666668	0.04933333333333333	24	25	2.5416666666666665	1.180327868852459	3.540983606557377
lnc_inter_chr10_9222	2	Actb	2	lnc_inter_chr10_9222_DBR2_Actb_RBR2	20	1	142906937	142906957	16	0.2	0.4	20	20	1	1	1
lnc_inter_chr10_9222	2	Actn4	1	lnc_inter_chr10_9222_DBR2_Actn4_RBR1	20	1	28963096	28963116	16	0.2	0.15	20	20	1	1	1
lnc_inter_chr10_9222	2	Actr2	1	lnc_inter_chr10_9222_DBR2_Actr2_RBR1	20	3	20112974	20112998	16	0.2	0.31666666666666665	24	24	2.5	1.2	3.5999999999999996
lnc_inter_chr10_9222	2	Actr8	1	lnc_inter_chr10_9222_DBR2_Actr8_RBR1	20	26	29978238	29978283	16.192307692307693	0.1903846153846154	0	45	25	11.555555555555555	2.25	58.5
lnc_inter_chr10_9222	2	Acvr1	1	lnc_inter_chr10_9222_DBR2_Acvr1_RBR1	20.5	2	58567216	58567242	16.5	0.195	0.51	26	26	1.5769230769230769	1.2682926829268293	2.5365853658536586
lnc_inter_chr10_9222	2	Adamts6	1	lnc_inter_chr10_9222_DBR2_Adamts6_RBR1	25.735294117647058	34	104287291	104287324	21.5	0.1653235294117647	0.024176470588235296	33	42	26.515151515151516	1.2822857142857143	43.59771428571428
lnc_inter_chr10_9222	2	Adamts6	2	lnc_inter_chr10_9222_DBR2_Adamts6_RBR2	29.0188679245283	106	104287407	104287458	23.88679245283019	0.17672641509433965	0.011943396226415095	51	42	60.31372549019608	1.757477243172952	186.2925877763329
lnc_inter_chr10_9222	2	Adamts6	3	lnc_inter_chr10_9222_DBR2_Adamts6_RBR3	21	1	104287572	104287593	17	0.19	0.048	21	21	1	1	1
lnc_inter_chr10_9222	2	Aebp2	1	lnc_inter_chr10_9222_DBR2_Aebp2_RBR1	20.56	25	140622015	140622070	16.72	0.1864	0.0454	55	56	9.345454545454546	2.6750972762645917	66.87743190661479
lnc_inter_chr10_9222	2	Aen	2	lnc_inter_chr10_9222_DBR2_Aen_RBR2	20	2	78895456	78895476	16	0.2	0.05	20	22	2	1	2
lnc_inter_chr10_9222	2	Agrn	3	lnc_inter_chr10_9222_DBR2_Agrn_RBR3	20	5	156198463	156198487	16	0.2	0	24	20	4.166666666666667	1.2	6
lnc_inter_chr10_9222	2	Agtr1a	1	lnc_inter_chr10_9222_DBR2_Agtr1a_RBR1	20	12	30335620	30335695	16	0.2	0.25	75	20	3.2	3.75	45
lnc_inter_chr10_9222	2	Agtr1a	2	lnc_inter_chr10_9222_DBR2_Agtr1a_RBR2	20.875	8	30335730	30335790	16.875	0.19125	0.2375	60	49	2.783333333333333	2.874251497005988	22.994011976047904
lnc_inter_chr10_9222	2	Agtr1a	3	lnc_inter_chr10_9222_DBR2_Agtr1a_RBR3	20	9	30335819	30335876	16.11111111111111	0.19444444444444445	0.15000000000000002	57	44	3.1578947368421053	2.85	25.650000000000002
lnc_inter_chr10_9222	2	Ahcyl2	2	lnc_inter_chr10_9222_DBR2_Ahcyl2_RBR2	20	1	29768218	29768238	16	0.2	0.75	20	20	1	1	1
lnc_inter_chr10_9222	2	Ahsa1	1	lnc_inter_chr10_9222_DBR2_Ahsa1_RBR1	20.8	20	87265737	87265765	16.8	0.192	0	28	28	14.857142857142858	1.346153846153846	26.92307692307692
lnc_inter_chr10_9222	2	Aimp1	1	lnc_inter_chr10_9222_DBR2_Aimp1_RBR1	21	1	132684641	132684662	17	0.19	0.38	21	21	1	1	1
lnc_inter_chr10_9222	2	Akirin2	1	lnc_inter_chr10_9222_DBR2_Akirin2_RBR1	20	11	34550371	34550395	16.272727272727273	0.18636363636363637	0	24	25	9.166666666666666	1.2	13.2
lnc_inter_chr10_9222	2	Alg6	1	lnc_inter_chr10_9222_DBR2_Alg6_RBR1	20	15	99715046	99715070	16.333333333333332	0.18333333333333335	0	24	25	12.5	1.2	18
lnc_inter_chr10_9222	2	Alkbh8	2	lnc_inter_chr10_9222_DBR2_Alkbh8_RBR2	20	1	3334700	3334720	16	0.2	0.15	20	20	1	1	1
lnc_inter_chr10_9222	2	Alyref	1	lnc_inter_chr10_9222_DBR2_Alyref_RBR1	20	2	120598908	120598932	16	0.2	0	24	20	1.6666666666666667	1.2	2.4
lnc_inter_chr10_9222	2	Amigo2	2	lnc_inter_chr10_9222_DBR2_Amigo2_RBR2	27.425531914893618	47	97247912	97247948	22.76595744680851	0.1685531914893617	0	36	38	35.80555555555556	1.312645461598138	61.69433669511248
lnc_inter_chr10_9222	2	Anapc1	1	lnc_inter_chr10_9222_DBR2_Anapc1_RBR1	20.772727272727273	22	128687743	128687777	16.863636363636363	0.18772727272727274	0.01631818181818182	34	30	13.441176470588236	1.636761487964989	36.008752735229756
lnc_inter_chr10_9222	2	Anapc15	2	lnc_inter_chr10_9222_DBR2_Anapc15_RBR2	21.5	2	101881302	101881324	17.5	0.185	0.11750000000000001	22	23	1.9545454545454546	1.0232558139534884	2.046511627906977
lnc_inter_chr10_9222	2	Ankrd54	1	lnc_inter_chr10_9222_DBR2_Ankrd54_RBR1	21	1	79063139	79063160	17	0.19	0.38	21	21	1	1	1
lnc_inter_chr10_9222	2	Antxr2	1	lnc_inter_chr10_9222_DBR2_Antxr2_RBR1	20	1	98031566	98031586	16	0.2	0.15	20	20	1	1	1
lnc_inter_chr10_9222	2	Anxa5	3	lnc_inter_chr10_9222_DBR2_Anxa5_RBR3	22.26086956521739	23	36476599	36476629	18.08695652173913	0.1882608695652174	0.0016521739130434781	30	35	17.066666666666666	1.34765625	30.99609375
lnc_inter_chr10_9222	2	Anxa7	1	lnc_inter_chr10_9222_DBR2_Anxa7_RBR1	20	1	20480403	20480423	16	0.2	0.2	20	20	1	1	1
lnc_inter_chr10_9222	2	Ap1g1	1	lnc_inter_chr10_9222_DBR2_Ap1g1_RBR1	20.060606060606062	33	109778250	109778282	16.363636363636363	0.18424242424242424	0.0013636363636363635	32	25	20.6875	1.5951661631419938	52.6404833836858
lnc_inter_chr10_9222	2	Ap2m1	2	lnc_inter_chr10_9222_DBR2_Ap2m1_RBR2	20	1	20535062	20535082	16	0.2	0	20	20	1	1	1
lnc_inter_chr10_9222	2	Aplp2	2	lnc_inter_chr10_9222_DBR2_Aplp2_RBR2	20	2	31212545	31212567	16	0.2	0.75	22	24	1.8181818181818181	1.1	2.2
lnc_inter_chr10_9222	2	Arcn1	1	lnc_inter_chr10_9222_DBR2_Arcn1_RBR1	20	30	44767998	44768029	16.333333333333332	0.18333333333333335	0	31	25	19.35483870967742	1.55	46.5
lnc_inter_chr10_9222	2	Arhgef19	1	lnc_inter_chr10_9222_DBR2_Arhgef19_RBR1	20.5	2	141242488	141242511	16.5	0.195	0.78	23	23	1.7826086956521738	1.1219512195121952	2.2439024390243905
lnc_inter_chr10_9222	2	Arhgef19	2	lnc_inter_chr10_9222_DBR2_Arhgef19_RBR2	20	1	141242833	141242853	16	0.2	0.8	20	20	1	1	1
lnc_inter_chr10_9222	2	Arid2	1	lnc_inter_chr10_9222_DBR2_Arid2_RBR1	20	1	96287497	96287517	16	0.2	0.75	20	20	1	1	1
lnc_inter_chr10_9222	2	Arl5a	1	lnc_inter_chr10_9222_DBR2_Arl5a_RBR1	20.142857142857142	28	52425214	52425248	16.392857142857142	0.18607142857142858	0.01025	34	27	16.58823529411765	1.6879432624113475	47.26241134751773
lnc_inter_chr10_9222	2	Arl8b	1	lnc_inter_chr10_9222_DBR2_Arl8b_RBR1	20	1	108782433	108782453	16	0.2	0	20	20	1	1	1
lnc_inter_chr10_9222	2	Arntl	2	lnc_inter_chr10_9222_DBR2_Arntl_RBR2	20.5	2	113207003	113207029	16.5	0.195	0.56	26	21	1.5769230769230769	1.2682926829268293	2.5365853658536586
lnc_inter_chr10_9222	2	Arpc2	1	lnc_inter_chr10_9222_DBR2_Arpc2_RBR1	20	7	74235855	74235887	16.142857142857142	0.19285714285714287	0	32	25	4.375	1.6	11.200000000000001
lnc_inter_chr10_9222	2	Arsa	2	lnc_inter_chr10_9222_DBR2_Arsa_RBR2	22	2	89477682	89477711	18	0.18	0.7949999999999999	29	23	1.5172413793103448	1.3181818181818181	2.6363636363636362
lnc_inter_chr10_9222	2	Arsa	3	lnc_inter_chr10_9222_DBR2_Arsa_RBR3	20	1	89478179	89478199	17	0.15	0.8	20	20	1	1	1
lnc_inter_chr10_9222	2	Arsb	1	lnc_inter_chr10_9222_DBR2_Arsb_RBR1	20	7	93770858	93770882	16.285714285714285	0.18571428571428572	0	24	25	5.833333333333333	1.2	8.4
lnc_inter_chr10_9222	3	1110004F10Rik	1	lnc_inter_chr10_9222_DBR3_1110004F10Rik_RBR1	21	1	116092460	116092481	18	0.14	0.76	21	21	1	1	1
lnc_inter_chr10_9222	3	2510039O18Rik	3	lnc_inter_chr10_9222_DBR3_2510039O18Rik_RBR3	20	1	147940529	147940549	16	0.2	0.35	20	20	1	1	1
lnc_inter_chr10_9222	3	AI987944	1	lnc_inter_chr10_9222_DBR3_AI987944_RBR1	21.11111111111111	9	41394072	41394119	17.11111111111111	0.19	0.7677777777777778	47	24	4.042553191489362	2.2263157894736842	20.03684210526316
lnc_inter_chr10_9222	3	Acbd4	1	lnc_inter_chr10_9222_DBR3_Acbd4_RBR1	20	1	103100824	103100844	17	0.15	0	20	20	1	1	1
lnc_inter_chr10_9222	3	Acp6	4	lnc_inter_chr10_9222_DBR3_Acp6_RBR4	20	2	97158606	97158631	16	0.2	0.8	25	22	1.6	1.25	2.5
lnc_inter_chr10_9222	3	Actb	1	lnc_inter_chr10_9222_DBR3_Actb_RBR1	20	5	142906886	142906922	16.2	0.19	0.02	36	25	2.7777777777777777	1.8	9
lnc_inter_chr10_9222	3	Actr2	1	lnc_inter_chr10_9222_DBR3_Actr2_RBR1	20	1	20112974	20112994	16	0.2	0.3	20	20	1	1	1
lnc_inter_chr10_9222	3	Acvr1	2	lnc_inter_chr10_9222_DBR3_Acvr1_RBR2	20.5	4	58567802	58567823	17.5	0.14500000000000002	0.855	21	22	3.9047619047619047	1.024390243902439	4.097560975609756
lnc_inter_chr10_9222	3	Adamts6	1	lnc_inter_chr10_9222_DBR3_Adamts6_RBR1	20	1	104287285	104287305	16	0.2	0.3	20	20	1	1	1
lnc_inter_chr10_9222	3	Adamts6	4	lnc_inter_chr10_9222_DBR3_Adamts6_RBR4	20	1	104287765	104287785	16	0.2	0.45	20	20	1	1	1
lnc_inter_chr10_9222	3	Adamts6	5	lnc_inter_chr10_9222_DBR3_Adamts6_RBR5	25	1	104287796	104287821	20	0.2	0.48	25	25	1	1	1
lnc_inter_chr10_9222	3	Agrn	2	lnc_inter_chr10_9222_DBR3_Agrn_RBR2	20	1	156198390	156198410	16	0.2	0.7	20	20	1	1	1
lnc_inter_chr10_9222	3	Ankrd54	2	lnc_inter_chr10_9222_DBR3_Ankrd54_RBR2	20	42	79063290	79063323	16.333333333333332	0.18333333333333335	0	33	25	25.454545454545453	1.65	69.3
lnc_inter_chr10_9222	3	Antxr2	1	lnc_inter_chr10_9222_DBR3_Antxr2_RBR1	20	1	98031574	98031594	16	0.2	0	20	20	1	1	1
lnc_inter_chr10_9222	3	Antxr2	2	lnc_inter_chr10_9222_DBR3_Antxr2_RBR2	20	13	98031920	98031946	16.307692307692307	0.18461538461538463	0	26	25	10	1.3	16.900000000000002
lnc_inter_chr10_9222	3	Anxa5	1	lnc_inter_chr10_9222_DBR3_Anxa5_RBR1	20.5	6	36476255	36476282	16.666666666666668	0.18666666666666668	0.7883333333333333	27	24	4.555555555555555	1.3170731707317074	7.902439024390244
lnc_inter_chr10_9222	3	Anxa7	1	lnc_inter_chr10_9222_DBR3_Anxa7_RBR1	20	59	20480408	20480448	16.322033898305083	0.18389830508474578	0	40	25	29.5	2	118
lnc_inter_chr10_9222	3	Ap2m1	1	lnc_inter_chr10_9222_DBR3_Ap2m1_RBR1	21.333333333333332	9	20534484	20534512	17.666666666666668	0.1711111111111111	0.8133333333333334	28	24	6.857142857142857	1.3125	11.8125
lnc_inter_chr10_9222	3	Arl5a	2	lnc_inter_chr10_9222_DBR3_Arl5a_RBR2	20	1	52425584	52425604	16	0.2	0.8	20	20	1	1	1
lnc_inter_chr10_9222	3	Arl8b	2	lnc_inter_chr10_9222_DBR3_Arl8b_RBR2	20	1	108782887	108782907	16	0.2	0.2	20	20	1	1	1
lnc_inter_chr10_9222	3	Arntl	1	lnc_inter_chr10_9222_DBR3_Arntl_RBR1	21.1875	16	113206778	113206809	17.3125	0.18375	0.0205	31	30	10.935483870967742	1.463126843657817	23.410029498525073
lnc_inter_chr10_9222	4	2510039O18Rik	2	lnc_inter_chr10_9222_DBR4_2510039O18Rik_RBR2	22	2	147940473	147940497	18	0.18	0.475	24	24	1.8333333333333333	1.0909090909090908	2.1818181818181817
lnc_inter_chr10_9222	4	Adamts6	1	lnc_inter_chr10_9222_DBR4_Adamts6_RBR1	20	2	104287299	104287323	16	0.2	0.075	24	41	1.6666666666666667	1.2	2.4
lnc_inter_chr10_9222	4	Adamts6	2	lnc_inter_chr10_9222_DBR4_Adamts6_RBR2	20.75	12	104287407	104287458	16.833333333333332	0.18833333333333335	0.07925	51	55	4.882352941176471	2.4578313253012047	29.493975903614455
lnc_inter_chr10_9222	4	Adamts6	3	lnc_inter_chr10_9222_DBR4_Adamts6_RBR3	21.5	2	104287573	104287596	17.5	0.185	0.16	23	37	1.8695652173913044	1.069767441860465	2.13953488372093
lnc_inter_chr10_9222	5	2510039O18Rik	1	lnc_inter_chr10_9222_DBR5_2510039O18Rik_RBR1	20	1	147939972	147939992	16	0.2	0.05	20	20	1	1	1
lnc_inter_chr10_9222	5	Adamts6	1	lnc_inter_chr10_9222_DBR5_Adamts6_RBR1	20.333333333333332	3	104287324	104287348	16.333333333333332	0.19666666666666668	0.8033333333333333	24	21	2.5416666666666665	1.180327868852459	3.540983606557377
