lnc	DBD	DBD_chr	DBD_start	DBD_end	DBD_start_mm10	DBD_end_mm10	DBD_span	DBD_geneRegion_Count	DBD_DBR_Count	DBD_DBR_RBR_Count	DBD_TFO_Count	DBD_TFO_Avg	DBD_TFO_Max	DBD_abj1_Total	DBD_abj1_Avg	DBD_abj1_Max	DBD_abj1_Avg_byRegion	DBD_abj2_Total	DBD_abj2_Avg	DBD_abj2_Avg_byRegion	DBD_score	DBD_error_rate	DBD_gc_error
lnc_inter_chr10_8711	4	chr10	2611	2639	17662326	17662354	28	7	7	7	20	2.857142857142857	4	9.365853658536587	1.3379790940766552	1.85	0.1911398705823793	27.931707317073172	3.9902439024390244	0.570034843205575	16.178571428571427	0.19392857142857142	0.08202380952380953
lnc_inter_chr10_8711	5	chr10	2912	2946	17662627	17662661	34	4	4	4	13	3.25	6	6.5831233806843565	1.6457808451710891	2.123076923076923	0.4114452112927723	23.689323684445636	5.922330921111409	1.4805827302778523	16.708333333333332	0.19625	0.07033333333333333
lnc_inter_chr10_8711	6	chr10	3207	3244	17662922	17662959	37	34	34	46	657	19.323529411764707	62	71.2473498564527	2.095510289895668	6.927099841521394	0.0616326555851667	1356.7945243249453	39.905721303674866	1.1736976854022019	16.806387021742836	0.17982667587220075	0.04779255142029211
lnc_inter_chr10_8711	7	chr10	3243	3272	17662958	17662987	29	19	19	21	345	18.157894736842106	41	34.896280120148525	1.83664632211308	3.722053231939164	0.09666559590068842	633.661670644941	33.35061424447058	1.755295486551083	16.757004747311484	0.1685461601932096	0.006887396963973251
lnc_inter_chr10_8711	8	chr10	3772	3795	17663487	17663510	23	2	2	2	12	6	10	4.02029702970297	2.010148514851485	2.9702970297029703	1.0050742574257425	31.802970297029702	15.901485148514851	7.950742574257426	16.1	0.199	0.11950000000000001
lnc_inter_chr10_8711	10	chr10	4643	4696	17664358	17664411	53	20	20	21	866	43.3	228	37.24882918337852	1.862441459168926	4.293400286944046	0.0931220729584463	2673.6838541773795	133.68419270886898	6.684209635443449	19.312481796062244	0.17502665995004252	0.3861521667846616
lnc_inter_chr10_8711	11	chr10	4815	4836	17664530	17664551	21	3	3	4	8	2.6666666666666665	4	5.143902439024391	1.7146341463414634	2.9	0.5715447154471545	11.18780487804878	3.7292682926829266	1.2430894308943088	16.61111111111111	0.18944444444444444	0.1188888888888889
lnc_inter_chr10_8711	12	chr10	8679	8707	17668394	17668422	28	2	2	2	4	2	2	3.25	1.625	2.05	0.8125	6.5	3.25	1.625	17	0.2	0.445
lnc_inter_chr10_8711	13	chr10	10526	10550	17670241	17670265	24	4	4	4	9	2.25	3	6.699361207897794	1.6748403019744484	2.3	0.4187100754936121	15.698722415795586	3.9246806039488966	0.9811701509872242	16.541666666666668	0.18791666666666668	0.3675
lnc_inter_chr10_8711	14	chr10	11642	11700	17671357	17671415	58	6	6	7	46	7.666666666666667	26	10.382428040480749	1.7304046734134582	3.2357247437774523	0.288400778902243	110.0724330818035	18.345405513633917	3.057567585605653	18.1007326007326	0.19213369963369964	0.43268620268620267
lnc_inter_chr10_8711	15	chr10	11642	11786	17671357	17671501	144	20	20	24	7755	387.75	1735	38.27524511199376	1.913762255599688	4.181159840101964	0.0956881127799844	21735.077366599446	1086.7538683299722	54.33769341649861	20.718725511953924	0.1704268075986122	0.39668498121944606
lnc_inter_chr10_8711	16	chr10	11933	11961	17671648	17671676	28	6	6	9	36	6	14	12.633452259244578	2.105575376540763	4.155403478756773	0.3509292294234605	70.13800134921794	11.689666891536323	1.9482778152560538	16.479166666666668	0.19187500000000002	0.2570138888888889
lnc_inter_chr10_8711	17	chr10	12003	12034	17671718	17671749	31	4	4	5	16	4	8	6.294880607028908	1.573720151757227	2.1	0.39343003793930675	23.545826917600266	5.8864567294000665	1.4716141823500166	16.385416666666668	0.19614583333333335	0.6888541666666667
lnc_inter_chr10_8711	18	chr10	12247	12276	17671962	17671991	29	4	4	4	12	3	4	5.325466284074606	1.3313665710186515	1.804878048780488	0.3328416427546629	16.80186513629842	4.200466284074605	1.0501165710186513	16.4375	0.195625	0.3825
lnc_inter_chr10_8711	19	chr10	13587	13655	17673302	17673370	68	64	64	88	4145	64.765625	375	119.94892652826287	1.8742019770041074	4.982138998448441	0.029284405890689178	7372.109375069536	115.1892089854615	1.799831390397836	18.497931947422487	0.18334074937366054	0.04404279108053513
lnc_inter_chr10_8711	20	chr10	15791	15821	17675506	17675536	30	7	7	9	53	7.571428571428571	17	13.523125004808174	1.931875000686882	3.2792022792022792	0.27598214295526885	100.97472888314472	14.424961269020674	2.060708752717239	16.586181972789117	0.18441028911564625	0.09573256802721089
lnc_inter_chr10_8711	22	chr10	18275	18309	17677990	17678024	34	11	11	11	134	12.181818181818182	29	24.82496861180429	2.2568153283458443	4.117557251908397	0.2051650298496222	397.839114554135	36.16719223219409	3.2879265665630992	17.91533685310455	0.17758190617609856	0.48717190232634877
lnc_inter_chr10_8711	23	chr10	18331	18359	17678046	17678074	28	20	20	22	258	12.9	39	32.56327256291662	1.628163628145831	3.392102846648301	0.08140818140729154	423.5127664474146	21.17563832237073	1.0587819161185366	16.213766413325235	0.19529933220374399	0.019447084224386013
lnc_inter_chr10_8711	24	chr10	18402	18459	17678117	17678174	57	20	20	21	3451	172.55	756	38.867269621619805	1.9433634810809903	4.092691622103387	0.09716817405404951	9570.901541218036	478.5450770609018	23.92725385304509	21.256881213727798	0.16505922773572637	0.3857287074377629
lnc_inter_chr10_8711	25	chr10	19006	19034	17678721	17678749	28	17	17	18	112	6.588235294117647	19	24.70936906262976	1.4534922978017506	3.0149488591660107	0.08549954692951474	167.4646670307395	9.850862766514087	0.5794625156772992	16.1656543319082	0.19839947908988156	0.013267234262125902
lnc_inter_chr10_9000	26	chr10	433	497	71171786	71171850	64	22	22	27	2821	128.22727272727272	498	45.623642440794136	2.073801929127006	4.275334608030592	0.09426372405122754	7612.407838690127	346.0185381222785	15.728115369194478	21.48155232763404	0.1559198642870713	0.4186288588647762
lnc_inter_chr10_9000	27	chr10	952	1004	71172305	71172357	52	13	13	13	372	28.615384615384617	103	18.572732663277954	1.4286717433290734	2.6887550200803214	0.10989782640992872	726.8719006761454	55.91322312893426	4.301017163764174	19.74221386940259	0.18764432531411007	0.3865296213947153
lnc_inter_chr10_9000	28	chr10	956	1034	71172309	71172387	78	10	10	11	1711	171.1	514	21.930974148134247	2.193097414813425	3.651286396549068	0.21930974148134247	4940.483416628766	494.04834166287657	49.40483416628766	21.02296387161693	0.16131090198538822	0.3505953661880273
lnc_inter_chr10_9000	29	chr10	2832	2863	71174185	71174216	31	36	36	46	882	24.5	66	67.84508936979955	1.884585815827765	5.204633808610611	0.052349605995215695	1545.2097755990253	42.92249376663959	1.1922914935177664	17.407271674456467	0.18052092183011595	0.02025521365026546
lnc_inter_chr10_9000	30	chr10	3106	3135	71174459	71174488	29	3	3	3	6	2	2	3.364745175655616	1.1215817252185387	1.1914893617021276	0.37386057507284626	6.729490351311232	2.2431634504370774	0.7477211501456925	17.5	0.19166666666666668	0.7533333333333333
lnc_inter_chr10_9000	31	chr10	4814	4867	71176167	71176220	53	15	15	15	1114	74.26666666666667	291	28.52119298438468	1.9014128656256455	3.63225119744545	0.12676085770837636	3066.1031781615798	204.4068785441053	13.627125236273686	20.40293535733857	0.18151988280167602	0.3783210692477345
lnc_inter_chr10_9000	32	chr10	5215	5259	71176568	71176612	44	2	2	3	21	10.5	15	5.740291262135922	2.870145631067961	2.990291262135922	1.4350728155339805	52.20145631067961	26.100728155339805	13.050364077669903	16.9	0.1835	0.56466666666666665
lnc_inter_chr10_9000	33	chr10	5431	5504	71176784	71176857	73	39	40	50	2069	51.725	342	64.91614684222628	1.622903671055657	4.26441056942877	0.041612914642452745	3039.1460551476703	75.97865137869175	1.9481705481715834	18.499830425034745	0.188998886787028	0.006878262910785007
lnc_inter_chr10_9000	34	chr10	6334	6384	71177687	71177737	50	29	29	33	514	17.724137931034484	65	44.6846844517274	1.5408511879906	3.171875	0.05313279958588275	742.7589780184765	25.612378552361257	0.883185467322802	18.22185841721365	0.19076897055635164	0.01533984130492751
lnc_inter_chr10_9000	35	chr10	8151	8267	71179504	71179620	116	38	43	54	816	18.976744186046513	77	71.46342391916944	1.6619400911434754	4.5131260150696235	0.04373526555640725	1245.5193998938219	28.965567439391204	0.7622517747208212	18.103599470980043	0.19033053012847118	0.1477864635555842
lnc_inter_chr10_9000	36	chr10	8151	8317	71179504	71179670	166	38	38	54	2705	71.1842105263158	1248	74.75751037460938	1.9673029045949835	4.775038396249292	0.05177112906828904	8194.39327916547	215.64192839909128	5.674787589449771	17.98674855737574	0.18892928866077166	0.06899273843554908
lnc_inter_chr10_9000	37	chr10	8438	8482	71179791	71179835	44	27	27	35	632	23.40740740740741	90	52.57524930501207	1.9472314557411878	4.391881342701015	0.07211968354596993	1066.114419764749	39.48571925054626	1.4624340463165282	18.044080219678836	0.18869870555873594	0.038291578832560506
lnc_inter_chr10_9000	38	chr10	8757	8790	71180110	71180143	33	10	10	10	219	21.9	68	21.291177377071318	2.1291177377071318	4.002645502645503	0.2129117737707132	675.4595667249706	67.54595667249706	6.754595667249705	17.32249972132627	0.1917380193669252	0.2855044839501911
lnc_inter_chr10_9000	39	chr10	8819	8894	71180172	71180247	75	20	20	21	7538	376.9	1501	34.20314049590784	1.7101570247953919	3.6628563558738465	0.08550785123976959	19924.14317751098	996.2071588755491	49.810357943777454	21.977914469804414	0.15635055410327117	0.401969126322795
lnc_inter_chr10_9000	41	chr10	10775	10857	71182128	71182210	82	20	20	22	7640	382	1471	35.45411035969262	1.7727055179846312	4.607694622792938	0.08863527589923156	19635.908823312733	981.7954411656366	49.08977205828183	21.96350413651893	0.15509206363975123	0.4013051141793681
lnc_inter_chr10_9000	42	chr10	12212	12246	71183565	71183599	34	14	14	16	69	4.928571428571429	19	26.256120826490722	1.8754372018921945	3.720626631853786	0.13395980013515676	160.6408267694904	11.474344769249313	0.8195960549463795	16.52013963480129	0.1943421052631579	0.12771919083422842
lnc_inter_chr10_9000	43	chr10	12516	12575	71183869	71183928	59	26	26	35	297	11.423076923076923	61	53.73529310135406	2.0667420423597718	4.171216281699241	0.07949007855229892	674.196702580321	25.930642406935423	0.9973324002667471	17.846720748199893	0.1915186143689874	0.5838931870904477
lnc_inter_chr10_9000	44	chr10	12813	12899	71184166	71184252	86	17	17	18	3374	198.47058823529412	1003	32.649029142242405	1.920531126014259	3.665075359749028	0.11297241917730935	9626.549285167112	566.26760500983	33.3098591182253	19.410872359361345	0.18344501377009853	0.3737772652522959
lnc_inter_chr10_9000	45	chr10	12906	12989	71184259	71184342	83	11	11	11	2584	234.9090909090909	870	23.17312463130689	2.1066476937551717	3.4539239687745393	0.19151342670501562	7428.305919470468	675.300538133679	61.39095801215263	19.802456181739835	0.18973562034871497	0.30395754859632335
lnc_inter_chr10_9000	46	chr10	13006	13091	71184359	71184444	85	20	20	21	5074	253.7	1473	34.79723738790796	1.7398618693953982	3.7828319715159537	0.08699309346976991	14245.0131430608	712.2506571530399	35.612532857652	20.050267825117068	0.1829754493245317	0.36702631470112584
lnc_inter_chr10_9000	47	chr10	15454	15479	71186807	71186832	25	5	5	5	18	3.6	5	5.693578309107192	1.1387156618214382	1.2962962962962965	0.22774313236428764	20.818229129932053	4.163645825986411	0.8327291651972821	17.26	0.17926666666666666	0.8071333333333334
lnc_inter_chr10_9000	48	chr10	15847	15881	71187200	71187234	34	5	5	5	19	3.8	10	7.375252910508255	1.475050582101651	3.256704980842912	0.2950101164203302	41.804145667759805	8.360829133551961	1.6721658267103923	17.58	0.1898	0.776
lnc_inter_chr10_9000	49	chr10	16141	16207	71187494	71187560	66	30	33	42	620	18.78787878787879	61	63.96251131535068	1.9382579186469904	4.79791686393334	0.06460859728823301	1178.5413650843718	35.71337469952642	1.1904458233175472	17.27179852505405	0.1910963376338822	0.09583818441955737
lnc_inter_chr10_9000	50	chr10	18069	18092	71189422	71189445	23	2	2	2	5	2.5	3	3.1605222734254985	1.5802611367127493	2.047619047619047	0.7901305683563746	7.433947772657449	3.7169738863287245	1.8584869431643622	16.833333333333336	0.19166666666666665	0.5441666666666667
lnc_inter_chr10_9000	51	chr10	19019	19095	71190372	71190448	76	22	23	29	419	18.217391304347824	84	52.852379506350665	2.2979295437543765	5.315136476426799	0.10445134289792621	1237.4315833666392	53.80137318985388	2.445516963175176	18.157914851527813	0.19018281738405907	0.3917676500244097
lnc_inter_chr10_9000	52	chr10	19324	19405	71190677	71190758	81	20	20	21	6335	316.75	1382	39.328553261373806	1.9664276630686903	5.254437869822485	0.09832138315343451	17402.453883841412	870.1226941920706	43.50613470960353	21.63683772840662	0.16187184244452435	0.3995119764744595
lnc_inter_chr10_9000	53	chr10	19850	19871	71191203	71191224	21	2	2	2	4	2	2	2.0720092915214865	1.0360046457607432	1.0476190476190477	0.5180023228803716	4.144018583042973	2.0720092915214865	1.0360046457607432	16.75	0.1925	0.09625
lnc_inter_chr10_9000	54	chr10	19891	19916	71191244	71191269	25	3	3	3	6	2	2	3.491463414634146	1.1638211382113821	1.2195121951219512	0.38794037940379406	6.982926829268292	2.3276422764227642	0.7758807588075881	16.333333333333332	0.19666666666666668	0.345
lnc_inter_chr10_9000	55	chr10	21042	21115	71192395	71192468	73	20	20	21	3752	187.6	712	36.762289198360094	1.8381144599180046	3.687601968604744	0.09190572299590023	9873.930619600555	493.6965309800277	24.684826549001386	22.22758927724788	0.1520489631352278	0.40204109177593994
lnc_inter_chr10_9000	57	chr10	21807	21830	71193160	71193183	23	2	2	2	4	2	2	2.171951219512195	1.0859756097560975	1.1219512195121952	0.5429878048780488	4.34390243902439	2.171951219512195	1.0859756097560975	16.25	0.1975	0.3575
lnc_inter_chr10_9000	58	chr10	22015	22050	71193368	71193403	35	7	7	7	51	7.285714285714286	15	9.687226943415606	1.3838895633450865	2.3963133640553	0.19769850904929806	74.8646763212356	10.694953760176514	1.5278505371680733	16.4421768707483	0.19729251700680273	0.7824727891156463
lnc_inter_chr10_9000	59	chr10	23040	23071	71194393	71194424	31	20	20	22	304	15.2	42	33.07541245645965	1.6537706228229827	3.6191359786849366	0.08268853114114913	508.7174636219217	25.435873181096085	1.2717936590548042	16.832753722570533	0.18906889134572324	0.023028497023809522
lnc_inter_chr10_9000	60	chr10	23703	23776	71195056	71195129	73	20	20	21	7954	397.7	1591	34.13411671337674	1.706705835668837	3.812399170622152	0.08533529178344185	21311.362614944534	1065.5681307472269	53.27840653736134	21.756309851008858	0.1588604979734444	0.4166183262383698
lnc_inter_chr10_9222	61	chr10	218	263	99267717	99267762	45	7	7	7	128	18.285714285714285	111	13.183333741654145	1.883333391664878	5.645908053472449	0.2690476273806969	648.956281257906	92.70804017970086	13.244005739957265	19.46988416988417	0.19143371943371942	0.5269549549549549
lnc_inter_chr10_9222	62	chr10	528	570	99268027	99268069	42	57	57	76	2159	37.87719298245614	150	97.63694849210839	1.7129289209141823	4.3575449504448756	0.030051384577441793	3240.457469730582	56.85013104790495	0.9973707201386833	19.404344073584173	0.168915438683459	0.0099436934964183335
lnc_inter_chr10_9222	63	chr10	1058	1094	99268557	99268593	36	5	5	7	63	12.6	54	12.79476064381311	2.558952128762622	6.16726618705036	0.5117904257525244	343.28736301424493	68.65747260284898	13.731494520569797	16.98148148148148	0.193	0.4922962962962963
lnc_inter_chr10_9222	64	chr10	1785	1841	99269284	99269340	56	23	23	30	439	19.08695652173913	59	50.61695363794859	2.2007371146934167	9.474251497005987	0.09568422237797464	811.2120720749002	35.27009009021305	1.53348217783535	16.428020470140957	0.18910748235906674	0.03993385406863668
lnc_inter_chr10_9222	65	chr10	2036	2062	99269535	99269561	26	16	16	18	75	4.6875	9	22.747458620476312	1.4217161637797695	2.3181818181818183	0.0888572602362356	103.227972649148	6.45174829057175	0.4032342681607344	16.97482638888889	0.18193402777777778	0.7985694444444444
lnc_inter_chr10_9224	67	chr10	497	530	99458853	99458886	33	6	6	6	23	3.8333333333333335	8	11.17363152050652	1.86227192008442	3.0454545454545454	0.31037865334740333	45.934408075033076	7.655734679172179	1.2759557798620298	18.291666666666668	0.1876388888888889	0.47208333333333335
lnc_inter_chr10_9224	68	chr10	578	614	99458934	99458970	36	2	2	2	4	2	2	2.35	1.175	1.25	0.5875	4.7	2.35	1.175	16	0.2	0.6
lnc_inter_chr10_9224	69	chr10	946	975	99459302	99459331	29	14	14	16	66	4.714285714285714	14	19.851926592844848	1.4179947566317748	3.2857142857142856	0.10128533975941248	84.44473665579886	6.031766903985633	0.4308404931418309	16.69404761904762	0.19176190476190477	0.7648707482993198
lnc_inter_chr10_9224	70	chr10	1219	1267	99459575	99459623	48	19	19	20	933	49.10526315789474	214	35.66567975281497	1.8771410396218404	3.831460674157303	0.09879689682220212	2643.261145698219	139.11900766832733	7.322053035175123	19.95539811950828	0.18009442122214236	0.4047030059981814
lnc_inter_chr10_9224	71	chr10	1981	2021	99460337	99460377	40	8	8	8	65	8.125	45	15.5923978597841	1.9490497324730125	5.864565587734242	0.24363121655912656	293.81555983443843	36.726944979304804	4.5908681224131005	17.780555555555555	0.1951388888888889	0.2711527777777778
lnc_inter_chr10_9224	72	chr10	2364	2412	99460720	99460768	48	13	13	15	72	5.538461538461538	18	23.978643112749335	1.8445110086730259	4	0.14188546220561737	140.38686260124157	10.798989430864738	0.830691494681903	17.342490842490843	0.18711538461538463	0.1760778388278388
lnc_inter_chr10_9224	73	chr10	3134	3169	99461490	99461525	35	10	10	11	49	4.9	12	15.667957106506725	1.5667957106506725	2.4274809160305346	0.15667957106506725	85.80358051617594	8.580358051617594	0.8580358051617594	16.598333333333333	0.19471666666666668	0.10164833333333334
lnc_inter_chr10_9224	74	chr10	3281	3305	99461637	99461661	24	20	20	21	244	12.2	40	30.284176061688548	1.5142088030844274	2.431297709923664	0.07571044015422138	398.1565823938312	19.907829119691556	0.9953914559845778	16.05348776223776	0.19888330419580422	0.011158763111888112
lnc_inter_chr10_9224	75	chr10	3637	3844	99461993	99462200	207	48	67	87	2358	35.19402985074627	599	141.2816967100571	2.1086820404486133	8.176622825932666	0.04393087584267944	7784.430904470071	116.185535887613	2.420531997658604	18.596239192424388	0.18795778986115375	0.3804096806659688
lnc_inter_chr10_9224	76	chr10	3847	3895	99462203	99462251	48	14	14	16	130	9.285714285714286	59	27.8341466707771	1.9881533336269357	5.855805243445693	0.142010952401924	467.62825805645184	33.402018432603704	2.385858459471693	17.71237343165309	0.1865386721329518	0.2227865489030743
lnc_inter_chr10_9224	77	chr10	4078	4105	99462434	99462461	27	4	4	5	12	3	5	6.199986657178438	1.5499966642946095	2.9155844155844157	0.38749916607365237	15.338596335171678	3.8346490837929195	0.9586622709482299	19.125	0.18541666666666667	0.06120833333333333
lnc_inter_chr10_9224	79	chr10	5645	5700	99464001	99464056	55	11	11	12	76	6.909090909090909	28	27.282850484686826	2.4802591349715297	6.02846975088968	0.22547810317922998	301.0783306101081	27.370757328191644	2.4882506661992405	18.054362304362304	0.1822158397158397	0.41897241647241645
lnc_inter_chr10_9224	80	chr10	5708	5746	99464064	99464102	38	5	5	7	13	2.6	3	8.756183368869936	1.7512366737739873	2.1	0.35024733475479747	16.98997867803838	3.397995735607676	0.6795991471215352	16.8	0.18666666666666668	0.5781666666666667
lnc_inter_chr10_9224	81	chr10	5762	5860	99464118	99464216	98	21	21	22	5295	252.14285714285714	1043	39.23359258649964	1.8682663136428401	4.001373787112145	0.088965062554420965	14451.112915171945	688.1482340558069	32.768963526467	21.183984087933403	0.1632598465732818	0.3920331951934115
lnc_inter_chr10_9224	82	chr10	6081	6140	99464437	99464496	59	15	15	17	627	41.8	139	33.22965321303571	2.2153102142023804	3.9834665197023975	0.14768734761349203	1992.2383068989511	132.81588712659675	8.8543924751064491	17.882027030528633	0.1909863255875027	0.47629202446449137
lnc_inter_chr10_9224	83	chr10	6102	6180	99464458	99464536	78	59	59	89	4602	78	337	125.83692855441092	2.1328292975323886	8.560715442145565	0.03614964911071845	7898.473618093596	133.8724342049762	2.269024308558919	19.080930420625034	0.16353645544710338	0.028010444290521554
lnc_inter_chr10_9224	84	chr10	6737	6800	99465093	99465156	63	15	15	17	126	8.4	41	36.09382747758494	2.406255165172329	6.625633838124864	0.16041701101148859	377.35214566180184	25.15680971078679	1.6771206473857858	17.72134806713754	0.19115847700058228	0.49243814586972484
lnc_inter_chr10_9224	85	chr10	6865	6933	99465221	99465289	68	14	15	16	1515	101	475	30.72491183816217	2.048327455877478	3.820828905419766	0.14630910399124844	4440.800887417774	296.0533924945183	21.14667089246559	19.786823568186406	0.18909760026868097	0.33167417450167747
lnc_inter_chr10_9224	86	chr10	7124	7156	99465480	99465512	32	5	5	5	45	9	36	13.196031567623114	2.639206313524623	7.297959183673469	0.5278412627049246	276.4097721543377	55.281954430867536	11.056390886173507	16.31111111111111	0.19711111111111113	0.5234444444444445
lnc_inter_chr10_9224	87	chr10	8050	8207	99466406	99466563	157	19	22	26	3554	161.54545454545453	2228	41.95137868306271	1.906880849230123	5.571762153693186	0.10036214995948016	15291.711187381527	695.0777812446148	36.58304111813762	18.96106103111776	0.17672103486733065	0.3793286918294156
lnc_inter_chr10_9224	88	chr10	8708	8741	99467064	99467097	33	19	19	19	226	11.894736842105264	37	40.25313520897549	2.118586063630289	4.353658536585366	0.11150452966475206	683.1164395073254	35.95349681617502	1.8922893061144748	17.949519541624806	0.18066723739750057	0.37873809689599164
lnc_inter_chr10_9224	89	chr10	8950	8981	99467306	99467337	31	3	3	3	9	3	5	4.579305740987984	1.5264352469959948	2.336448598130841	0.5088117489986649	16.16795727636849	5.389319092122831	1.796439697374277	16.9	0.187	0.33766666666666667
lnc_inter_chr10_9224	90	chr10	9364	9394	99467720	99467750	30	5	5	5	33	6.6	24	10.349473511961214	2.0698947023922427	5.542168674698795	0.4139789404784485	143.87665786729593	28.775331573459187	5.755066314691837	17.925	0.18575	0.27325
lnc_inter_chr10_9224	92	chr10	10317	10337	99468673	99468693	20	16	16	16	103	6.4375	19	20.5	1.28125	1.9	0.080078125	148.85	9.303125	0.5814453125	16	0.2	0
lnc_inter_chr10_9224	93	chr10	13121	13143	99471477	99471499	22	3	3	4	14	4.666666666666667	6	6.444165949129812	2.148055316376604	3.2358803986710964	0.7160184387922013	22.66798506126368	7.555995020421226	2.5186650068070753	17.461111111111112	0.18538888888888888	0.07799166666666667
lnc_inter_chr10_9224	94	chr10	13488	13529	99471844	99471885	41	21	21	24	320	15.238095238095237	42	35.19510905451585	1.675957574024564	3.474689440993789	0.07980750352497924	507.3741255694887	24.160672646166127	1.150508221246006	17.354612135478693	0.1876076987591172	0.017562119898464436
lnc_inter_chr10_9224	95	chr10	14155	14184	99472511	99472540	29	3	3	3	6	2	2	3.655813953488372	1.2186046511627908	1.3	0.4062015503875969	7.311627906976744	2.4372093023255816	0.8124031007751938	16.666666666666668	0.18666666666666668	0.57
lnc_inter_chr10_9224	98	chr10	15812	15842	99474168	99474198	30	12	12	12	225	18.75	44	27.696477843145345	2.3080398202621124	4.231599607458293	0.19233665168850936	731.3002471894863	60.94168726579053	5.078473938815877	17.726521198125	0.18271743076989816	0.38613328948262304
lnc_inter_chr10_9224	99	chr10	16472	16510	99474828	99474866	38	45	45	60	1739	38.644444444444446	133	85.95571581697924	1.910127018155094	5.451851851851852	0.0424472670701132	2989.620988395944	66.43602196435431	1.476356043652318	18.03441422685337	0.18687799694853785	0.024460189623082728
lnc_inter_chr10_9224	100	chr10	16974	17001	99475330	99475357	27	8	8	8	37	4.625	8	11.126559205116173	1.3908199006395217	2.2340425531914896	0.1738524875799402	55.1402721577615	6.892534019720188	0.8615667524650235	16.758482142857144	0.19324851190476192	0.7642366071428571
lnc_inter_chr10_9224	101	chr10	17007	17039	99475363	99475395	32	6	6	6	55	9.166666666666666	18	7.209741800973811	1.2016236334956352	1.3493975903614457	0.20027060558260587	68.53564862846984	11.422608104744974	1.9037680174574956	16.797089947089948	0.1860767195767196	0.8087843915343915
lnc_inter_chr10_9224	102	chr10	17119	17139	99475475	99475495	20	2	2	2	4	2	2	2.3	1.15	1.15	0.575	4.6	2.3	1.15	16.25	0.1875	0.125
lnc_inter_chr10_9224	104	chr10	18859	18882	99477215	99477238	23	2	2	2	7	3.5	4	3.3057946069994264	1.6528973034997132	1.686746987951807	0.8264486517498566	11.604130808950087	5.8020654044750435	2.9010327022375217	16.875	0.19125	0.095625
lnc_inter_chr10_9224	105	chr10	18897	18917	99477253	99477273	20	3	3	3	14	4.666666666666667	6	5.25	1.75	2.4	0.5833333333333334	26.15	8.716666666666667	2.9055555555555554	16.122222222222224	0.1938888888888889	0.07722222222222223
lnc_inter_chr10_9224	106	chr10	19083	19107	99477439	99477463	24	9	9	9	144	16	47	23.2616632324808	2.5846292480534223	5.104294478527607	0.2871810275614914	521.6329747810464	57.95921942011626	6.439913268901807	16.336265432098767	0.18959413580246914	0.3271820987654321
lnc_inter_chr10_9224	107	chr10	19127	19147	99477483	99477503	20	6	6	6	114	19	47	15.7	2.6166666666666667	4.35	0.4361111111111111	388.4	64.73333333333333	10.78888888888889	16.055555555555557	0.19722222222222224	0.4
lnc_inter_chr10_9224	108	chr10	20052	20091	99478408	99478447	39	57	57	78	2330	40.87719298245614	168	111.45007138317936	1.9552644102312169	5.174039627498011	0.03430288439002135	4123.39464945056	72.34025700790457	1.2691273159281504	17.69298952884232	0.16976954860399066	0.016374531591912034
lnc_inter_chr10_9224	109	chr10	20132	20181	99478488	99478537	49	16	16	18	352	22	66	36.58333965587369	2.2864587284921054	4.940140845070423	0.1429036705307566	1164.9166482580117	72.80729051612573	4.550455657257858	17.943202251803417	0.18719787449841646	0.2475680920630635
lnc_inter_chr10_9224	110	chr10	20624	20653	99478980	99479009	29	6	6	7	42	7	21	12.5334027856265	2.088900464271083	4.662	0.34815007737851383	125.44338983173539	20.907231638622566	3.4845386064370945	18.088690476190475	0.19681150793650795	0.09940575396825398
lnc_inter_chr10_9224	111	chr10	22156	22178	99480512	99480534	22	2	2	2	4	2	2	2.0976190476190477	1.0488095238095239	1.05	0.5244047619047619	4.195238095238095	2.0976190476190477	1.0488095238095239	17	0.17250000000000001	0.35250000000000004
lnc_inter_chr10_9224	113	chr10	25514	25587	99483870	99483943	73	20	20	21	4621	231.05	873	36.05290423623849	1.8026452118119245	3.9187972651574374	0.09013226059059623	12325.818983615141	616.290949180757	30.81454745903785	22.330870172652563	0.14932615893408185	0.4107363172725357
lnc_inter_chr10_9224	114	chr10	26075	26177	99484431	99484533	102	28	28	35	303	10.821428571428571	155	51.592585035352926	1.8425923226911758	5.08362293657689	0.065806868667542	1066.5444465507605	38.09087309109859	1.3603883246820925	17.287127313290906	0.19149570075341965	0.5659251974983542
lnc_inter_chr10_9224	115	chr10	27485	27546	99485841	99485902	61	24	25	28	4613	184.52	793	46.16630021881521	1.8466520087526084	3.991388545054776	0.07694383369802535	12488.078244894594	499.52312979578375	20.813463741490988	20.89320301545237	0.1611695437526873	0.42881448207095973
lnc_inter_chr10_9224	116	chr10	27891	27919	99486247	99486275	28	14	14	17	47	3.357142857142857	5	22.933098591549296	1.6380784708249496	3.5	0.11700560505892497	70.4492957746479	5.032092555331992	0.35943518252371376	16.669047619047618	0.17726190476190476	0.7767857142857143
lnc_inter_chr10_9224	117	chr10	27899	27943	99486255	99486299	44	30	30	45	376	12.533333333333333	34	65.33955060543849	2.177985020181283	5.992782152230971	0.07259950067270943	666.6565716877718	22.221885722925727	0.7407295240975242	17.39330428830429	0.17071905858937722	0.08254209150326798
lnc_inter_chr10_9224	119	chr10	29522	29566	99487878	99487922	44	8	8	9	35	4.375	10	15.295624324322084	1.9119530405402605	3.547169811320755	0.23899413006753256	67.89719378483142	8.487149223103927	1.0608936528879909	17.395833333333332	0.18348958333333334	0.33279166666666665
lnc_inter_chr10_9224	120	chr10	29715	29760	99488071	99488116	45	20	20	21	1277	63.85	194	37.35273059941006	1.867636529970503	3.8760217218295026	0.09338182649852514	3375.00038307011	168.7500191535055	8.437500957675274	20.168838645608574	0.16736737511853467	0.39931427082334736
lnc_inter_chr10_9224	121	chr10	30714	30778	99489070	99489134	64	30	30	34	3549	118.3	690	43.76335492170376	1.4587784973901254	3.57146829810901	0.04862594991300418	4884.820780086829	162.8273593362276	5.42757864454092	18.97989418889141	0.1895674016708706	0.004178873519976542
lnc_inter_chr10_9224	122	chr10	31039	31065	99489395	99489421	26	4	4	4	16	4	7	6.3779944211821125	1.5944986052955281	2.1324503311258276	0.39862465132388203	29.3317020364549	7.332925509113725	1.8332313772784312	16.646428571428572	0.19689285714285715	0.09242857142857143
lnc_inter_chr10_9224	123	chr10	31141	31162	99489497	99489518	21	2	2	2	5	2.5	3	3.257142857142857	1.6285714285714286	1.8571428571428572	0.8142857142857143	8.37142857142857	4.185714285714285	2.0928571428571425	16.5	0.195	0.12000000000000001
lnc_inter_chr10_9224	125	chr10	32624	32674	99490980	99491030	50	48	54	70	1642	30.40740740740741	121	107.61465694220483	1.9928640174482377	5.842679127725857	0.041518000363504955	3620.997243041257	67.05550450076403	1.3969896770992507	17.326985564750355	0.18023021885917892	0.06480101297897883
lnc_inter_chr10_9224	126	chr10	32951	32973	99491307	99491329	22	3	3	4	11	3.6666666666666665	5	5.932737030411449	1.9775790101371495	3.3769230769230765	0.6591930033790498	16.542397137745972	5.514132379248658	1.8380441264162195	16.77777777777778	0.1922222222222222	0.07555555555555556
lnc_inter_chr10_9224	127	chr10	33013	33055	99491369	99491411	42	11	11	15	53	4.818181818181818	16	23.774860439848638	2.161350949077149	4.857142857142857	0.19648644991610445	141.5561724926005	12.868742953872772	1.169885723079343	16.615530303030305	0.18743371212121213	0.7119128787878788
lnc_inter_chr10_9224	129	chr10	33268	33295	99491624	99491651	27	2	2	2	25	12.5	23	6.0046082949308754	3.0023041474654377	3.956989247311829	1.5011520737327189	95.10599078341014	47.55299539170507	23.776497695852534	16.608695652173914	0.19391304347826088	0.24391304347826087
lnc_inter_chr10_9224	130	chr10	34737	34761	99493093	99493117	24	9	9	9	303	33.666666666666664	97	22.599798351218055	2.511088705690895	4.348275862068966	0.2790098561878772	1070.6439881441183	118.96044312712426	13.217827014124918	16.6224362063648	0.18403430580218616	0.3838558454367044
lnc_inter_chr10_9224	131	chr10	34778	34844	99493134	99493200	66	15	22	25	252	11.454545454545455	67	39.85346175832815	1.811520989014916	5.553784860557768	0.12076806593432773	594.5077316044283	27.023078709292196	1.8015385806194797	17.170430495430494	0.19325832748158953	0.09466556271268839
lnc_inter_chr10_9224	132	chr10	34955	35026	99493311	99493382	71	27	28	33	647	23.107142857142858	77	51.77046044948454	1.8489450160530192	5.1021052631578945	0.0684794450390007	1138.5150597870486	40.661252135251736	1.5059723013056199	18.374593049180326	0.19247610546478677	0.053371060070953935
lnc_inter_chr10_9224	133	chr10	35470	35494	99493826	99493850	24	2	2	2	4	2	2	2.623170731707317	1.3115853658536585	1.55	0.6557926829268292	5.246341463414634	2.623170731707317	1.3115853658536585	16.25	0.1975	0.12375
lnc_inter_chr10_9224	134	chr10	35504	35535	99493860	99493891	31	34	34	43	574	16.88235294117647	51	61.73905523383283	1.8158545657009655	6.108157653528872	0.05340748722649898	1082.6507315346653	31.842668574548977	0.9365490757220287	17.481973059553898	0.18586220319534408	0.06096982935247036
lnc_inter_chr10_9224	136	chr10	36318	36563	99494674	99494919	245	26	42	49	4687	111.5952380952381	1254	79.33534251196451	1.8889367264753456	5.452921977954307	0.07265141255674407	18897.25202622004	449.9345720528581	17.30517584818685	18.442132639900098	0.18206737115198326	0.37442109595229073
lnc_inter_chr10_9224	137	chr10	37874	38143	99496230	99496499	269	62	101	135	4692	46.45544554455446	1880	198.28911415758208	1.9632585560156641	9.041706160838192	0.03166546058089781	15968.684852085242	158.10579061470537	2.550093397011377	18.17380031431391	0.1884551203607497	0.19522274825037383
lnc_inter_chr10_9224	138	chr10	38156	38179	99496512	99496535	23	2	2	2	4	2	2	3.15	1.575	2	0.7875	6.3	3.15	1.575	16.25	0.1875	0.375
lnc_inter_chr10_9224	139	chr10	38262	38290	99496618	99496646	28	2	2	2	9	4.5	7	3.6738095238095236	1.8369047619047618	2.5238095238095237	0.9184523809523809	19.966666666666665	9.983333333333333	4.991666666666666	16.42857142857143	0.19857142857142857	0.28285714285714286
lnc_inter_chr10_9224	141	chr10	39300	39340	99497656	99497696	40	4	4	4	11	2.75	4	4.615829858532778	1.1539574646331945	1.3658536585365857	0.2884893661582986	12.996153919384628	3.249038479846157	0.8122596199615393	16.583333333333332	0.19416666666666668	0.17095833333333332
lnc_inter_chr10_9224	144	chr10	41582	41622	99499938	99499978	40	20	20	23	255	12.75	37	31.214876473782766	1.5607438236891382	3.150326797385621	0.07803719118445691	372.84403435460035	18.642201717730018	0.9321100858865009	17.417676480679578	0.19598537507546798	0.022009042705404935
lnc_inter_chr10_9224	145	chr10	41978	42004	99500334	99500360	26	11	11	12	54	4.909090909090909	9	16.415492595973134	1.4923175087248304	2.3803278688524587	0.13566522806589368	80.75635337870321	7.341486670791201	0.6674078791628365	16.374963924963925	0.19534126984126984	0.05523239538239538
lnc_inter_chr10_9224	150	chr10	46303	46331	99504659	99504687	28	2	2	2	4	2	2	2.2409090909090907	1.1204545454545454	1.15	0.5602272727272727	4.4818181818181815	2.2409090909090907	1.1204545454545454	17	0.19	0.175
lnc_inter_chr10_9224	151	chr10	47167	47207	99505523	99505563	40	11	11	12	38	3.4545454545454546	10	16.852603044692163	1.532054822244742	3.6764705882352944	0.13927771111315837	71.83984338028186	6.530894852752897	0.593717713886627	17.133333333333333	0.1933939393939394	0.6057575757575757
lnc_inter_chr10_9224	152	chr10	47405	47432	99505761	99505788	27	23	23	27	308	13.391304347826088	29	36.981277373221914	1.607881624922692	3.546623794212219	0.06990789673576922	448.2521747082677	19.48922498731599	0.8473576081441735	18.653036000292964	0.17724665869345504	0.004087155772653483
lnc_inter_chr10_9224	154	chr10	48480	48637	99506836	99506993	157	9	9	11	1121	124.55555555555556	867	14.607158900278451	1.6230176555864946	2.864834395894884	0.18033529506516607	2798.606420398909	310.95626893321213	34.55069654813468	18.31093006873958	0.19016058762847032	0.3004792913568688
lnc_inter_chr10_9224	155	chr10	48730	48829	99507086	99507185	99	20	20	21	7671	383.55	1447	36.28857040626139	1.8144285203130697	3.871508379888268	0.09072142601565349	20540.26565288446	1027.013282644223	51.35066413221115	22.489833112671725	0.1487630747554692	0.41011828830003383
lnc_inter_chr10_9224	156	chr10	50103	50172	99508459	99508528	69	21	21	23	9885	470.7142857142857	1876	41.46966786220993	1.9747460886766632	5.115537848605578	0.09403552803222207	26547.675668342876	1264.1750318258512	60.198811039326245	21.956093509179457	0.15196435673107464	0.3970457971904625
lnc_inter_chr10_9224	157	chr10	50358	50403	99508714	99508759	45	9	9	9	75	8.333333333333334	24	19.285368712575487	2.142818745841721	4.063745019920319	0.23809097176019123	223.40608408461202	24.822898231623558	2.7580998035137285	18.38095238095238	0.1901058201058201	0.39859126984126986
lnc_inter_chr10_9224	158	chr10	50722	50750	99509078	99509106	28	2	2	2	4	2	2	2.257575757575758	1.128787878787879	1.1666666666666667	0.5643939393939394	4.515151515151516	2.257575757575758	1.128787878787879	18.75	0.185	0.5325
lnc_inter_chr10_9224	159	chr10	52479	52523	99510835	99510879	44	27	27	33	406	15.037037037037036	72	52.425098105878774	1.9416703002177325	4.59375	0.07191371482287898	818.2718645854395	30.30636535501628	1.122457976111714	16.86925009834849	0.19545562868148594	0.07486135211949017
lnc_inter_chr10_9224	160	chr10	54164	54192	99512520	99512548	28	2	2	2	4	2	2	2.25	1.125	1.15	0.5625	4.5	2.25	1.125	16	0.2	0.1125
lnc_inter_chr10_9224	161	chr10	54870	54898	99513226	99513254	28	8	8	9	34	4.25	6	12.12552144824872	1.51569018103109	2	0.18946127262888626	48.36979535615899	6.0462244195198735	0.7557780524399842	16.28125	0.19510416666666666	0.08677083333333334
lnc_inter_chr10_9224	162	chr10	57254	57294	99515610	99515650	40	2	2	2	4	2	2	3.072009291521486	1.536004645760743	2.047619047619047	0.7680023228803715	6.144018583042973	3.0720092915214865	1.5360046457607432	16.75	0.1925	0.6375
lnc_inter_chr10_9224	163	chr10	57327	57367	99515683	99515723	40	20	20	22	363	18.15	47	31.06578905313763	1.5532894526568817	3.0662837999521417	0.07766447263284408	537.4708925774023	26.873544628870118	1.343677231443506	17.333986270364754	0.1917657977386931	0.007636135930439905
lnc_inter_chr10_9224	164	chr10	59157	59192	99517513	99517548	35	3	3	4	7	2.3333333333333335	3	5.173400649116481	1.7244668830388268	2.0508474576271185	0.5748222943462756	9.346801298232961	3.11560043274432	1.03853347758144	19.666666666666668	0.19416666666666668	0.15583333333333332
lnc_inter_chr10_9224	165	chr10	60611	60674	99518967	99519030	63	12	12	12	1009	84.08333333333333	338	21.34483485563241	1.7787362379693676	3.486389435885555	0.14822801983078063	2825.218697352816	235.434891446068	19.619574287172334	19.806887469547668	0.18642208678415423	0.36171339670866504
lnc_inter_chr10_9224	166	chr10	60611	60720	99518967	99519076	109	9	9	9	429	47.666666666666664	110	19.740865795011135	2.193429532779015	3.4029850746268657	0.2437143925310017	1244.7488493210665	138.30542770234072	15.367269744704524	19.341986440193583	0.1936845857910636	0.32179010123171786
lnc_inter_chr10_9224	167	chr10	60664	60762	99519020	99519118	98	15	15	16	1029	68.6	291	29.264340525258202	1.9509560350172135	3.743992497948658	0.13006373566781423	2908.3631929673843	193.89087953115893	12.926058635410595	19.627771780986464	0.18650942042729027	0.3398606924815646
lnc_inter_chr10_9224	168	chr10	60765	60942	99519121	99519298	177	32	66	72	5966	90.39393939393939	1441	122.93016576130852	1.862578269110735	5.483443708609272	0.05820557090971047	17678.147271245	267.85071623098486	8.370334882218277	18.429879029676318	0.18424409590603705	0.3773474636946128
lnc_inter_chr10_9224	169	chr10	61766	61811	99520122	99520167	45	22	22	25	361	16.40909090909091	59	50.19341111524421	2.281518687056555	4.465116279069767	0.10370539486620704	1108.4901268302347	50.38591485591976	2.290268857087262	18.033592762216976	0.18414802156653318	0.35358107040423803
lnc_inter_chr10_9224	170	chr10	61943	61968	99520299	99520324	25	2	2	2	5	2.5	3	3.0798226164079825	1.5399113082039912	1.9090909090909092	0.7699556541019956	8.068736141906873	4.034368070953437	2.0171840354767183	17.083333333333336	0.19583333333333336	0.10125
lnc_inter_chr10_9224	171	chr10	62044	62088	99520400	99520444	44	40	40	49	528	13.2	46	84.0750179128912	2.1018754478222803	7.065604970513181	0.05254688619555701	1162.1534168584906	29.053835421462264	0.7263458855365565	17.397228705401364	0.19086126853083837	0.12850385379938223
lnc_inter_chr10_9224	176	chr10	66573	66646	99524929	99525002	73	25	27	33	780	28.88888888888889	167	50.71254335206919	1.878242346372933	3.6124065112186536	0.07512969385491731	2054.4391105064365	76.09033742616431	3.0436134970465725	18.158560190651325	0.1895105371671606	0.536057959288105
lnc_inter_chr10_9224	177	chr10	68293	68323	99526649	99526679	30	4	4	4	36	9	29	13.75174993777999	3.4379374844449977	9.420068027210885	0.8594843711112494	283.48596161025387	70.87149040256347	17.717872600640867	17.04597701149425	0.1796264367816092	0.17890086206896552
lnc_inter_chr10_9224	178	chr10	69383	69406	99527739	99527762	23	3	3	3	10	3.3333333333333335	4	3.5858024691358024	1.1952674897119342	1.35	0.3984224965706447	12.14320987654321	4.047736625514403	1.3492455418381344	16.083333333333332	0.1991666666666667	0.09958333333333334
lnc_inter_chr10_9224	180	chr10	71160	71190	99529516	99529546	30	6	6	7	14	2.3333333333333335	3	9.739314243848419	1.623219040641403	2.8	0.27053650677356716	20.447378487696838	3.4078964146161397	0.5679827357693567	16.72222222222222	0.19277777777777777	0.6219444444444444
lnc_inter_chr10_9224	182	chr10	73058	73101	99531414	99531457	43	12	12	12	574	47.833333333333336	176	26.516998000824728	2.2097498334020607	3.374520153550864	0.18414581945017172	1607.6872589448915	133.97393824540762	11.16449485378397	19.527257679916467	0.19211142787587626	0.32075754291683745
lnc_inter_chr10_9224	183	chr10	73110	73145	99531466	99531501	35	4	4	4	21	5.25	12	10.740882700467818	2.6852206751169545	5.107438016528925	0.6713051687792386	78.55575054351108	19.63893763587777	4.909734408969443	16.9375	0.195625	0.258125
lnc_inter_chr10_9224	184	chr10	73568	73631	99531924	99531987	63	55	55	74	2742	49.85454545454545	266	106.16776118115581	1.9303229305664693	5.261767568940052	0.035096780555753986	4772.848231519274	86.7790587548959	1.5778010682708346	17.632062410401964	0.18493007806026363	0.027340512390927805
lnc_inter_chr10_9224	185	chr10	74230	74251	99532586	99532607	21	6	6	8	18	3	4	11.581147540983608	1.9301912568306012	2.95	0.3216985428051002	27.69344262295082	4.615573770491803	0.7692622950819672	16.38888888888889	0.1827777777777778	0.11708333333333333
lnc_inter_chr10_9224	186	chr10	74262	74283	99532618	99532639	21	2	2	2	4	2	2	3.1254355400696863	1.5627177700348431	1.8571428571428572	0.7813588850174216	6.2508710801393725	3.1254355400696863	1.5627177700348431	16.75	0.1925	0.14250000000000002
lnc_inter_chr10_9224	187	chr10	75110	75156	99533466	99533512	46	10	10	15	45	4.5	12	19.93409398777131	1.9934093987771309	4.8936458474461455	0.1993409398777131	68.79943774450291	6.8799437744502905	0.687994377445029	17.16611111111111	0.19232222222222223	0.20690555555555556
lnc_inter_chr10_9224	188	chr10	77472	77499	99535828	99535855	27	5	5	5	27	5.4	15	11.225943955836184	2.2451887911672372	4.476923076923077	0.44903775823344744	88.94203187623495	17.78840637524699	3.557681275049398	17.14666666666667	0.18866666666666668	0.2644666666666667
lnc_inter_chr10_9224	189	chr10	77517	77539	99535873	99535895	22	5	5	5	18	3.6	6	8.820759431335846	1.7641518862671692	2.4098360655737707	0.35283037725343386	34.66215686109922	6.932431372219844	1.3864862744439688	16.71666666666667	0.18216666666666667	0.09398333333333334
lnc_inter_chr10_9224	191	chr10	79102	79137	99537458	99537493	35	40	40	48	1224	30.6	86	70.06115910147201	1.7515289775368004	4.872171444511904	0.04378822443842001	2116.0785589922925	52.90196397480731	1.3225490993701827	17.92570669991273	0.18218958293259904	0.03289712986785993
lnc_inter_chr10_9224	194	chr10	79855	79878	99538211	99538234	23	2	2	3	9	4.5	5	4.736465475253831	2.3682327376269154	3.2242703533026114	1.1841163688134577	14.626353452474616	7.313176726237308	3.656588363118654	16.666666666666668	0.19333333333333333	0.10791666666666666
lnc_inter_chr10_9224	196	chr10	80776	80798	99539132	99539154	22	8	8	9	19	2.375	4	10.867595818815332	1.3584494773519165	2.341463414634146	0.16980618466898956	25.418118466898953	3.177264808362369	0.39715810104529614	16.5625	0.19437500000000002	0.06684375000000001
lnc_inter_chr10_9224	197	chr10	80876	80897	99539232	99539253	21	4	4	5	11	2.75	5	6.174390243902439	1.5435975609756099	2.95	0.38589939024390246	15.24878048780488	3.81219512195122	0.953048780487805	16.25	0.1975	0.185
lnc_inter_chr10_9224	198	chr10	81038	81107	99539394	99539463	69	21	21	23	6638	316.0952380952381	1219	37.80684839512722	1.800326114053677	3.8800816008595063	0.085729814954937	17778.676233726983	846.6036301774753	40.314458579879776	21.977428075340466	0.151694996505017	0.4127278139642842
lnc_inter_chr10_9224	199	chr10	81481	81801	99539837	99540157	320	40	52	65	5265	101.25	1525	103.3722392137297	1.9879276771871097	8.950445743758475	0.04969819192967774	23378.367398607472	449.5839884347591	11.239599710868976	19.412048474489925	0.17698987323996496	0.37821929880195737
lnc_inter_chr10_9224	200	chr10	81919	81946	99540275	99540302	27	2	2	2	4	2	2	2.1384615384615384	1.0692307692307692	1.1	0.5346153846153846	4.276923076923078	2.138461538461539	1.0692307692307694	18.5	0.1975	0.04425
lnc_inter_chr10_9224	201	chr10	81946	82027	99540302	99540383	81	20	20	21	5350	267.5	1044	33.26545169776971	1.6632725848884857	3.60689054651609	0.08316362924442429	13757.366281482042	687.8683140741022	34.39341570370511	22.06027179040827	0.15439687436612323	0.40959570780710636
lnc_inter_chr10_9224	202	chr10	82485	82514	99540841	99540870	29	4	4	4	14	3.5	6	7.018292682926829	1.7545731707317072	2.55	0.4386432926829268	26.773170731707317	6.693292682926829	1.6733231707317073	16.166666666666668	0.19666666666666668	0.37145833333333333
lnc_inter_chr10_9224	203	chr10	82584	82634	99540940	99540990	50	57	57	76	2665	46.75438596491228	182	107.07900139052065	1.87857897176352	5.213095054195229	0.03295752582041263	4523.101907314255	79.35266504060097	1.3921520182561573	18.05554257833362	0.15984948540481494	0.007684971294802091
